dCount,HGVR3,HGVA3,RCat,A Ref N,B Ref E,A Ref E,2WMV,HGVR4,CAR,ONS LA Name,B Ref N,ONS LACode,CP,HGV,Hour,PC,B-Junction,iDir,HGVR2,BUS,A-Junction,S Ref E,S Ref N,Road,CP Location,HGVA6,Region Name (GO),Road Name,HGVA5,LGV,AMV,Year
5/11/2011,2,0,PR,159587,366380,364594,4,1,439,Bath and North East Somerset,162120,E06000022,16389,11,7,3,A368,N,8,7,B3115,364800,160000,A39,,0,South West,,0,83,544,2011
5/11/2011,3,0,PR,159587,366380,364594,9,0,412,Bath and North East Somerset,162120,E06000022,16389,25,8,2,A368,N,17,3,B3115,364800,160000,A39,,5,South West,,0,69,518,2011
5/11/2011,2,0,PR,159587,366380,364594,1,3,292,Bath and North East Somerset,162120,E06000022,16389,33,9,1,A368,N,27,6,B3115,364800,160000,A39,,1,South West,,0,27,359,2011
5/11/2011,0,1,PR,159587,366380,364594,3,0,204,Bath and North East Somerset,162120,E06000022,16389,14,10,1,A368,N,12,3,B3115,364800,160000,A39,,1,South West,,0,27,251,2011
5/11/2011,1,1,PR,159587,366380,364594,2,1,170,Bath and North East Somerset,162120,E06000022,16389,20,11,0,A368,N,14,2,B3115,364800,160000,A39,,2,South West,,1,30,224,2011
5/11/2011,2,1,PR,159587,366380,364594,1,1,212,Bath and North East Somerset,162120,E06000022,16389,8,12,1,A368,N,2,2,B3115,364800,160000,A39,,1,South West,,1,38,261,2011
5/11/2011,2,0,PR,159587,366380,364594,1,1,201,Bath and North East Somerset,162120,E06000022,16389,11,13,0,A368,N,7,3,B3115,364800,160000,A39,,0,South West,,1,45,261,2011
5/11/2011,4,0,PR,159587,366380,364594,1,2,161,Bath and North East Somerset,162120,E06000022,16389,15,14,0,A368,N,8,1,B3115,364800,160000,A39,,1,South West,,0,33,211,2011
5/11/2011,2,1,PR,159587,366380,364594,1,0,205,Bath and North East Somerset,162120,E06000022,16389,3,15,0,A368,N,0,6,B3115,364800,160000,A39,,0,South West,,0,40,255,2011
5/11/2011,0,0,PR,159587,366380,364594,2,2,225,Bath and North East Somerset,162120,E06000022,16389,18,16,0,A368,N,12,4,B3115,364800,160000,A39,,3,South West,,1,39,288,2011
5/11/2011,1,0,PR,159587,366380,364594,3,0,250,Bath and North East Somerset,162120,E06000022,16389,11,17,1,A368,N,9,4,B3115,364800,160000,A39,,1,South West,,0,35,303,2011
5/11/2011,1,0,PR,159587,366380,364594,6,0,254,Bath and North East Somerset,162120,E06000022,16389,4,18,1,A368,N,2,5,B3115,364800,160000,A39,,1,South West,,0,21,290,2011
5/11/2011,0,0,PR,159587,366380,364594,2,0,167,Bath and North East Somerset,162120,E06000022,16389,26,7,0,A368,S,21,5,B3115,364800,160000,A39,,1,South West,,4,63,263,2011
5/11/2011,2,1,PR,159587,366380,364594,1,3,229,Bath and North East Somerset,162120,E06000022,16389,26,8,0,A368,S,20,3,B3115,364800,160000,A39,,0,South West,,0,42,301,2011
5/11/2011,1,0,PR,159587,366380,364594,0,1,154,Bath and North East Somerset,162120,E06000022,16389,13,9,0,A368,S,9,4,B3115,364800,160000,A39,,2,South West,,0,50,221,2011
5/11/2011,1,0,PR,159587,366380,364594,1,0,169,Bath and North East Somerset,162120,E06000022,16389,12,10,1,A368,S,9,6,B3115,364800,160000,A39,,1,South West,,1,51,239,2011
5/11/2011,2,0,PR,159587,366380,364594,1,1,156,Bath and North East Somerset,162120,E06000022,16389,16,11,0,A368,S,11,3,B3115,364800,160000,A39,,2,South West,,0,34,210,2011
5/11/2011,2,0,PR,159587,366380,364594,4,1,169,Bath and North East Somerset,162120,E06000022,16389,21,12,0,A368,S,17,1,B3115,364800,160000,A39,,0,South West,,1,32,227,2011
5/11/2011,1,0,PR,159587,366380,364594,2,1,227,Bath and North East Somerset,162120,E06000022,16389,16,13,2,A368,S,13,2,B3115,364800,160000,A39,,1,South West,,0,36,283,2011
5/11/2011,3,0,PR,159587,366380,364594,1,1,228,Bath and North East Somerset,162120,E06000022,16389,24,14,0,A368,S,19,1,B3115,364800,160000,A39,,1,South West,,0,33,287,2011
5/11/2011,2,1,PR,159587,366380,364594,4,2,281,Bath and North East Somerset,162120,E06000022,16389,16,15,0,A368,S,11,4,B3115,364800,160000,A39,,0,South West,,0,51,356,2011
5/11/2011,0,0,PR,159587,366380,364594,5,3,396,Bath and North East Somerset,162120,E06000022,16389,12,16,0,A368,S,9,6,B3115,364800,160000,A39,,0,South West,,0,73,492,2011
5/11/2011,2,0,PR,159587,366380,364594,7,0,495,Bath and North East Somerset,162120,E06000022,16389,8,17,1,A368,S,6,3,B3115,364800,160000,A39,,0,South West,,0,63,576,2011
5/11/2011,0,0,PR,159587,366380,364594,8,0,383,Bath and North East Somerset,162120,E06000022,16389,7,18,2,A368,S,4,5,B3115,364800,160000,A39,,1,South West,,2,39,442,2011
5/11/2011,0,0,CU,,,,2,0,161,"Bristol, City of",,E06000023,946754,6,7,1,,N,6,4,,361749,171411,C,North of Sandy Park Road,0,South West,WICK ROAD,0,46,219,2011
5/11/2011,2,0,CU,,,,3,0,207,"Bristol, City of",,E06000023,946754,8,8,2,,N,6,3,,361749,171411,C,North of Sandy Park Road,0,South West,WICK ROAD,0,38,259,2011
5/11/2011,1,0,CU,,,,4,0,138,"Bristol, City of",,E06000023,946754,4,9,4,,N,3,6,,361749,171411,C,North of Sandy Park Road,0,South West,WICK ROAD,0,29,181,2011
5/11/2011,0,0,CU,,,,1,0,137,"Bristol, City of",,E06000023,946754,8,10,1,,N,8,5,,361749,171411,C,North of Sandy Park Road,0,South West,WICK ROAD,0,26,177,2011
5/11/2011,1,0,CU,,,,2,0,135,"Bristol, City of",,E06000023,946754,6,11,1,,N,5,4,,361749,171411,C,North of Sandy Park Road,0,South West,WICK ROAD,0,21,168,2011
5/11/2011,2,0,CU,,,,3,0,152,"Bristol, City of",,E06000023,946754,6,12,0,,N,4,4,,361749,171411,C,North of Sandy Park Road,0,South West,WICK ROAD,0,30,195,2011
5/11/2011,1,0,CU,,,,2,0,120,"Bristol, City of",,E06000023,946754,8,13,7,,N,7,4,,361749,171411,C,North of Sandy Park Road,0,South West,WICK ROAD,0,20,154,2011
5/11/2011,0,0,CU,,,,3,0,155,"Bristol, City of",,E06000023,946754,5,14,5,,N,5,4,,361749,171411,C,North of Sandy Park Road,0,South West,WICK ROAD,0,24,191,2011
5/11/2011,0,0,CU,,,,2,0,137,"Bristol, City of",,E06000023,946754,4,15,11,,N,4,4,,361749,171411,C,North of Sandy Park Road,0,South West,WICK ROAD,0,21,168,2011
5/11/2011,0,0,CU,,,,2,0,152,"Bristol, City of",,E06000023,946754,1,16,9,,N,1,4,,361749,171411,C,North of Sandy Park Road,0,South West,WICK ROAD,0,39,198,2011
5/11/2011,0,0,CU,,,,5,0,232,"Bristol, City of",,E06000023,946754,0,17,6,,N,0,2,,361749,171411,C,North of Sandy Park Road,0,South West,WICK ROAD,0,27,266,2011
5/11/2011,0,0,CU,,,,3,0,166,"Bristol, City of",,E06000023,946754,2,18,3,,N,2,2,,361749,171411,C,North of Sandy Park Road,0,South West,WICK ROAD,0,17,190,2011
5/11/2011,0,0,CU,,,,3,0,197,"Bristol, City of",,E06000023,946754,3,7,5,,S,3,3,,361749,171411,C,North of Sandy Park Road,0,South West,WICK ROAD,0,30,236,2011
5/11/2011,0,0,CU,,,,3,0,279,"Bristol, City of",,E06000023,946754,4,8,10,,S,4,5,,361749,171411,C,North of Sandy Park Road,0,South West,WICK ROAD,0,40,331,2011
5/11/2011,1,1,CU,,,,3,0,168,"Bristol, City of",,E06000023,946754,5,9,5,,S,3,4,,361749,171411,C,North of Sandy Park Road,0,South West,WICK ROAD,0,33,213,2011
5/11/2011,1,0,CU,,,,2,0,181,"Bristol, City of",,E06000023,946754,11,10,3,,S,10,5,,361749,171411,C,North of Sandy Park Road,0,South West,WICK ROAD,0,31,230,2011
5/11/2011,0,0,CU,,,,1,0,171,"Bristol, City of",,E06000023,946754,4,11,0,,S,4,5,,361749,171411,C,North of Sandy Park Road,0,South West,WICK ROAD,0,31,212,2011
5/11/2011,2,0,CU,,,,2,0,152,"Bristol, City of",,E06000023,946754,9,12,1,,S,7,5,,361749,171411,C,North of Sandy Park Road,0,South West,WICK ROAD,0,35,203,2011
5/11/2011,0,0,CU,,,,1,0,174,"Bristol, City of",,E06000023,946754,5,13,4,,S,5,3,,361749,171411,C,North of Sandy Park Road,0,South West,WICK ROAD,0,29,212,2011
5/11/2011,0,0,CU,,,,1,0,173,"Bristol, City of",,E06000023,946754,1,14,1,,S,1,3,,361749,171411,C,North of Sandy Park Road,0,South West,WICK ROAD,0,29,207,2011
5/11/2011,0,0,CU,,,,5,0,205,"Bristol, City of",,E06000023,946754,1,15,4,,S,1,5,,361749,171411,C,North of Sandy Park Road,0,South West,WICK ROAD,0,35,251,2011
5/11/2011,0,0,CU,,,,5,0,254,"Bristol, City of",,E06000023,946754,2,16,5,,S,2,4,,361749,171411,C,North of Sandy Park Road,0,South West,WICK ROAD,0,36,301,2011
5/11/2011,0,0,CU,,,,6,0,284,"Bristol, City of",,E06000023,946754,2,17,8,,S,2,3,,361749,171411,C,North of Sandy Park Road,0,South West,WICK ROAD,0,41,336,2011
5/11/2011,0,0,CU,,,,11,0,205,"Bristol, City of",,E06000023,946754,2,18,6,,S,2,3,,361749,171411,C,North of Sandy Park Road,0,South West,WICK ROAD,0,25,246,2011
5/10/2011,0,0,UU,,,,0,0,42,"Bristol, City of",,E06000023,946795,0,7,8,,E,0,0,,358164,177015,U,East of Hill View,0,South West,SOUTH CROFT,0,4,46,2011
5/10/2011,0,0,UU,,,,2,0,61,"Bristol, City of",,E06000023,946795,0,8,9,,E,0,0,,358164,177015,U,East of Hill View,0,South West,SOUTH CROFT,0,4,67,2011
5/10/2011,0,0,UU,,,,1,0,60,"Bristol, City of",,E06000023,946795,0,9,3,,E,0,2,,358164,177015,U,East of Hill View,0,South West,SOUTH CROFT,0,7,70,2011
5/10/2011,1,0,UU,,,,0,0,38,"Bristol, City of",,E06000023,946795,1,10,1,,E,0,0,,358164,177015,U,East of Hill View,0,South West,SOUTH CROFT,0,6,45,2011
5/10/2011,0,0,UU,,,,0,0,31,"Bristol, City of",,E06000023,946795,0,11,0,,E,0,0,,358164,177015,U,East of Hill View,0,South West,SOUTH CROFT,0,6,37,2011
5/10/2011,0,0,UU,,,,0,0,48,"Bristol, City of",,E06000023,946795,10,12,1,,E,10,0,,358164,177015,U,East of Hill View,0,South West,SOUTH CROFT,0,3,61,2011
5/10/2011,0,0,UU,,,,0,0,26,"Bristol, City of",,E06000023,946795,0,13,3,,E,0,0,,358164,177015,U,East of Hill View,0,South West,SOUTH CROFT,0,6,32,2011
5/10/2011,0,0,UU,,,,0,0,44,"Bristol, City of",,E06000023,946795,0,14,0,,E,0,0,,358164,177015,U,East of Hill View,0,South West,SOUTH CROFT,0,0,44,2011
5/10/2011,0,0,UU,,,,1,0,51,"Bristol, City of",,E06000023,946795,0,15,2,,E,0,0,,358164,177015,U,East of Hill View,0,South West,SOUTH CROFT,0,6,58,2011
5/10/2011,0,0,UU,,,,0,0,44,"Bristol, City of",,E06000023,946795,0,16,5,,E,0,0,,358164,177015,U,East of Hill View,0,South West,SOUTH CROFT,0,5,49,2011
5/10/2011,0,0,UU,,,,1,0,72,"Bristol, City of",,E06000023,946795,0,17,8,,E,0,0,,358164,177015,U,East of Hill View,0,South West,SOUTH CROFT,0,0,73,2011
5/10/2011,0,0,UU,,,,0,0,39,"Bristol, City of",,E06000023,946795,0,18,1,,E,0,1,,358164,177015,U,East of Hill View,0,South West,SOUTH CROFT,0,4,44,2011
5/10/2011,0,0,UU,,,,0,0,26,"Bristol, City of",,E06000023,946795,0,7,4,,W,0,0,,358164,177015,U,East of Hill View,0,South West,SOUTH CROFT,0,1,27,2011
5/10/2011,0,0,UU,,,,0,0,38,"Bristol, City of",,E06000023,946795,0,8,9,,W,0,0,,358164,177015,U,East of Hill View,0,South West,SOUTH CROFT,0,3,41,2011
5/10/2011,0,0,UU,,,,0,0,27,"Bristol, City of",,E06000023,946795,1,9,4,,W,1,0,,358164,177015,U,East of Hill View,0,South West,SOUTH CROFT,0,0,28,2011
5/10/2011,1,0,UU,,,,0,0,23,"Bristol, City of",,E06000023,946795,4,10,1,,W,3,0,,358164,177015,U,East of Hill View,0,South West,SOUTH CROFT,0,4,31,2011
5/10/2011,0,0,UU,,,,0,0,14,"Bristol, City of",,E06000023,946795,0,11,1,,W,0,0,,358164,177015,U,East of Hill View,0,South West,SOUTH CROFT,0,4,18,2011
5/10/2011,0,0,UU,,,,0,0,25,"Bristol, City of",,E06000023,946795,0,12,3,,W,0,0,,358164,177015,U,East of Hill View,0,South West,SOUTH CROFT,0,7,32,2011
5/10/2011,0,0,UU,,,,0,0,26,"Bristol, City of",,E06000023,946795,0,13,1,,W,0,0,,358164,177015,U,East of Hill View,0,South West,SOUTH CROFT,0,3,29,2011
5/10/2011,0,0,UU,,,,0,0,16,"Bristol, City of",,E06000023,946795,0,14,2,,W,0,0,,358164,177015,U,East of Hill View,0,South West,SOUTH CROFT,0,3,19,2011
5/10/2011,0,0,UU,,,,0,0,26,"Bristol, City of",,E06000023,946795,0,15,0,,W,0,0,,358164,177015,U,East of Hill View,0,South West,SOUTH CROFT,0,2,28,2011
5/10/2011,0,0,UU,,,,0,0,28,"Bristol, City of",,E06000023,946795,0,16,3,,W,0,0,,358164,177015,U,East of Hill View,0,South West,SOUTH CROFT,0,4,32,2011
5/10/2011,0,0,UU,,,,0,0,29,"Bristol, City of",,E06000023,946795,0,17,8,,W,0,0,,358164,177015,U,East of Hill View,0,South West,SOUTH CROFT,0,2,31,2011
5/10/2011,0,0,UU,,,,0,0,28,"Bristol, City of",,E06000023,946795,0,18,2,,W,0,0,,358164,177015,U,East of Hill View,0,South West,SOUTH CROFT,0,1,29,2011
5/10/2011,0,0,BR,,,,3,0,137,South Gloucestershire,,E06000025,947485,2,7,1,,N,2,4,,356199,184035,B4055,South of Ellinghurst Farm,0,South West,MARSH COMMON ROAD,0,22,168,2011
5/10/2011,0,0,BR,,,,4,0,200,South Gloucestershire,,E06000025,947485,3,8,1,,N,3,4,,356199,184035,B4055,South of Ellinghurst Farm,0,South West,MARSH COMMON ROAD,0,41,252,2011
5/10/2011,0,0,BR,,,,0,0,151,South Gloucestershire,,E06000025,947485,0,9,2,,N,0,2,,356199,184035,B4055,South of Ellinghurst Farm,0,South West,MARSH COMMON ROAD,0,22,175,2011
5/10/2011,0,1,BR,,,,1,0,89,South Gloucestershire,,E06000025,947485,1,10,0,,N,0,1,,356199,184035,B4055,South of Ellinghurst Farm,0,South West,MARSH COMMON ROAD,0,18,110,2011
5/10/2011,0,1,BR,,,,0,0,100,South Gloucestershire,,E06000025,947485,2,11,0,,N,1,2,,356199,184035,B4055,South of Ellinghurst Farm,0,South West,MARSH COMMON ROAD,0,18,122,2011
5/10/2011,0,0,BR,,,,3,0,113,South Gloucestershire,,E06000025,947485,0,12,0,,N,0,1,,356199,184035,B4055,South of Ellinghurst Farm,0,South West,MARSH COMMON ROAD,0,26,143,2011
5/10/2011,0,0,BR,,,,1,0,111,South Gloucestershire,,E06000025,947485,2,13,0,,N,2,1,,356199,184035,B4055,South of Ellinghurst Farm,0,South West,MARSH COMMON ROAD,0,20,135,2011
5/10/2011,0,0,BR,,,,2,0,117,South Gloucestershire,,E06000025,947485,1,14,1,,N,1,0,,356199,184035,B4055,South of Ellinghurst Farm,0,South West,MARSH COMMON ROAD,0,14,134,2011
5/10/2011,0,0,BR,,,,3,0,128,South Gloucestershire,,E06000025,947485,4,15,1,,N,4,2,,356199,184035,B4055,South of Ellinghurst Farm,0,South West,MARSH COMMON ROAD,0,33,170,2011
5/10/2011,0,0,BR,,,,6,0,165,South Gloucestershire,,E06000025,947485,4,16,1,,N,4,6,,356199,184035,B4055,South of Ellinghurst Farm,0,South West,MARSH COMMON ROAD,0,22,203,2011
5/10/2011,0,0,BR,,,,3,0,171,South Gloucestershire,,E06000025,947485,1,17,2,,N,1,1,,356199,184035,B4055,South of Ellinghurst Farm,0,South West,MARSH COMMON ROAD,0,28,204,2011
5/10/2011,0,0,BR,,,,0,0,112,South Gloucestershire,,E06000025,947485,0,18,0,,N,0,3,,356199,184035,B4055,South of Ellinghurst Farm,0,South West,MARSH COMMON ROAD,0,6,121,2011
5/10/2011,0,0,BR,,,,3,0,83,South Gloucestershire,,E06000025,947485,3,7,0,,S,3,8,,356199,184035,B4055,South of Ellinghurst Farm,0,South West,MARSH COMMON ROAD,0,14,111,2011
5/10/2011,1,0,BR,,,,3,0,123,South Gloucestershire,,E06000025,947485,1,8,2,,S,0,3,,356199,184035,B4055,South of Ellinghurst Farm,0,South West,MARSH COMMON ROAD,0,34,164,2011
5/10/2011,0,0,BR,,,,0,0,102,South Gloucestershire,,E06000025,947485,3,9,0,,S,3,1,,356199,184035,B4055,South of Ellinghurst Farm,0,South West,MARSH COMMON ROAD,0,22,128,2011
5/10/2011,0,1,BR,,,,2,0,122,South Gloucestershire,,E06000025,947485,1,10,3,,S,0,2,,356199,184035,B4055,South of Ellinghurst Farm,0,South West,MARSH COMMON ROAD,0,20,147,2011
5/10/2011,1,0,BR,,,,0,0,122,South Gloucestershire,,E06000025,947485,5,11,0,,S,4,1,,356199,184035,B4055,South of Ellinghurst Farm,0,South West,MARSH COMMON ROAD,0,20,148,2011
5/10/2011,0,0,BR,,,,2,0,139,South Gloucestershire,,E06000025,947485,2,12,0,,S,2,2,,356199,184035,B4055,South of Ellinghurst Farm,0,South West,MARSH COMMON ROAD,0,23,168,2011
5/10/2011,0,0,BR,,,,4,0,125,South Gloucestershire,,E06000025,947485,0,13,1,,S,0,1,,356199,184035,B4055,South of Ellinghurst Farm,0,South West,MARSH COMMON ROAD,0,28,158,2011
5/10/2011,1,0,BR,,,,5,0,132,South Gloucestershire,,E06000025,947485,3,14,2,,S,2,1,,356199,184035,B4055,South of Ellinghurst Farm,0,South West,MARSH COMMON ROAD,0,15,156,2011
5/10/2011,0,0,BR,,,,2,0,149,South Gloucestershire,,E06000025,947485,2,15,4,,S,2,2,,356199,184035,B4055,South of Ellinghurst Farm,0,South West,MARSH COMMON ROAD,0,26,181,2011
5/10/2011,0,0,BR,,,,5,0,201,South Gloucestershire,,E06000025,947485,3,16,3,,S,3,1,,356199,184035,B4055,South of Ellinghurst Farm,0,South West,MARSH COMMON ROAD,0,30,240,2011
5/10/2011,0,1,BR,,,,3,0,258,South Gloucestershire,,E06000025,947485,2,17,1,,S,1,2,,356199,184035,B4055,South of Ellinghurst Farm,0,South West,MARSH COMMON ROAD,0,26,291,2011
5/10/2011,0,0,BR,,,,4,0,162,South Gloucestershire,,E06000025,947485,1,18,0,,S,1,0,,356199,184035,B4055,South of Ellinghurst Farm,0,South West,MARSH COMMON ROAD,0,9,176,2011
5/24/2011,0,0,CU,,,,0,0,35,North Somerset,,E06000024,947262,0,7,1,,N,0,0,,349549,168941,C,"South of Uncombe Close, Backwell Farleigh",0,South West,CHURCH LANE,0,0,35,2011
5/24/2011,0,0,CU,,,,0,0,104,North Somerset,,E06000024,947262,0,8,1,,N,0,0,,349549,168941,C,"South of Uncombe Close, Backwell Farleigh",0,South West,CHURCH LANE,0,7,111,2011
5/24/2011,0,0,CU,,,,0,0,24,North Somerset,,E06000024,947262,0,9,0,,N,0,0,,349549,168941,C,"South of Uncombe Close, Backwell Farleigh",0,South West,CHURCH LANE,0,5,29,2011
5/24/2011,0,0,CU,,,,0,0,24,North Somerset,,E06000024,947262,0,10,0,,N,0,0,,349549,168941,C,"South of Uncombe Close, Backwell Farleigh",0,South West,CHURCH LANE,0,2,26,2011
5/24/2011,0,0,CU,,,,0,0,24,North Somerset,,E06000024,947262,0,11,2,,N,0,0,,349549,168941,C,"South of Uncombe Close, Backwell Farleigh",0,South West,CHURCH LANE,0,1,25,2011
5/24/2011,0,0,CU,,,,0,0,10,North Somerset,,E06000024,947262,0,12,0,,N,0,0,,349549,168941,C,"South of Uncombe Close, Backwell Farleigh",0,South West,CHURCH LANE,0,2,12,2011
5/24/2011,0,0,CU,,,,0,0,19,North Somerset,,E06000024,947262,0,13,0,,N,0,0,,349549,168941,C,"South of Uncombe Close, Backwell Farleigh",0,South West,CHURCH LANE,0,0,19,2011
5/24/2011,0,0,CU,,,,0,0,12,North Somerset,,E06000024,947262,0,14,0,,N,0,0,,349549,168941,C,"South of Uncombe Close, Backwell Farleigh",0,South West,CHURCH LANE,0,1,13,2011
5/24/2011,0,0,CU,,,,0,0,57,North Somerset,,E06000024,947262,0,15,0,,N,0,0,,349549,168941,C,"South of Uncombe Close, Backwell Farleigh",0,South West,CHURCH LANE,0,2,59,2011
5/24/2011,0,0,CU,,,,0,0,35,North Somerset,,E06000024,947262,0,16,0,,N,0,0,,349549,168941,C,"South of Uncombe Close, Backwell Farleigh",0,South West,CHURCH LANE,0,5,40,2011
5/24/2011,0,0,CU,,,,0,0,14,North Somerset,,E06000024,947262,0,17,2,,N,0,0,,349549,168941,C,"South of Uncombe Close, Backwell Farleigh",0,South West,CHURCH LANE,0,0,14,2011
5/24/2011,0,0,CU,,,,0,0,24,North Somerset,,E06000024,947262,0,18,0,,N,0,0,,349549,168941,C,"South of Uncombe Close, Backwell Farleigh",0,South West,CHURCH LANE,0,1,25,2011
5/24/2011,0,0,CU,,,,0,0,15,North Somerset,,E06000024,947262,0,7,0,,S,0,0,,349549,168941,C,"South of Uncombe Close, Backwell Farleigh",0,South West,CHURCH LANE,0,0,15,2011
5/24/2011,0,0,CU,,,,0,0,20,North Somerset,,E06000024,947262,0,8,0,,S,0,1,,349549,168941,C,"South of Uncombe Close, Backwell Farleigh",0,South West,CHURCH LANE,0,6,27,2011
5/24/2011,0,0,CU,,,,0,0,14,North Somerset,,E06000024,947262,0,9,0,,S,0,0,,349549,168941,C,"South of Uncombe Close, Backwell Farleigh",0,South West,CHURCH LANE,0,2,16,2011
5/24/2011,0,0,CU,,,,0,0,16,North Somerset,,E06000024,947262,0,10,0,,S,0,0,,349549,168941,C,"South of Uncombe Close, Backwell Farleigh",0,South West,CHURCH LANE,0,4,20,2011
5/24/2011,0,0,CU,,,,0,0,13,North Somerset,,E06000024,947262,0,11,1,,S,0,0,,349549,168941,C,"South of Uncombe Close, Backwell Farleigh",0,South West,CHURCH LANE,0,4,17,2011
5/24/2011,0,0,CU,,,,0,0,18,North Somerset,,E06000024,947262,0,12,0,,S,0,0,,349549,168941,C,"South of Uncombe Close, Backwell Farleigh",0,South West,CHURCH LANE,0,3,21,2011
5/24/2011,0,0,CU,,,,0,0,14,North Somerset,,E06000024,947262,0,13,0,,S,0,0,,349549,168941,C,"South of Uncombe Close, Backwell Farleigh",0,South West,CHURCH LANE,0,2,16,2011
5/24/2011,0,0,CU,,,,0,0,14,North Somerset,,E06000024,947262,0,14,0,,S,0,0,,349549,168941,C,"South of Uncombe Close, Backwell Farleigh",0,South West,CHURCH LANE,0,2,16,2011
5/24/2011,0,2,CU,,,,1,0,34,North Somerset,,E06000024,947262,2,15,0,,S,0,0,,349549,168941,C,"South of Uncombe Close, Backwell Farleigh",0,South West,CHURCH LANE,0,2,39,2011
5/24/2011,0,0,CU,,,,0,0,41,North Somerset,,E06000024,947262,0,16,0,,S,0,0,,349549,168941,C,"South of Uncombe Close, Backwell Farleigh",0,South West,CHURCH LANE,0,4,45,2011
5/24/2011,0,0,CU,,,,0,0,38,North Somerset,,E06000024,947262,0,17,2,,S,0,0,,349549,168941,C,"South of Uncombe Close, Backwell Farleigh",0,South West,CHURCH LANE,0,2,40,2011
5/24/2011,0,0,CU,,,,0,0,44,North Somerset,,E06000024,947262,0,18,0,,S,0,0,,349549,168941,C,"South of Uncombe Close, Backwell Farleigh",0,South West,CHURCH LANE,0,3,47,2011
5/24/2011,0,0,UU,,,,0,0,34,South Gloucestershire,,E06000025,947531,0,7,3,,E,0,2,,370712,183516,U,"east of Greenways Road, Yate",0,South West,HALIFAX ROAD,0,8,44,2011
5/24/2011,0,0,UU,,,,0,0,52,South Gloucestershire,,E06000025,947531,0,8,1,,E,0,2,,370712,183516,U,"east of Greenways Road, Yate",0,South West,HALIFAX ROAD,0,7,61,2011
5/24/2011,0,0,UU,,,,0,0,27,South Gloucestershire,,E06000025,947531,0,9,0,,E,0,1,,370712,183516,U,"east of Greenways Road, Yate",0,South West,HALIFAX ROAD,0,5,33,2011
5/24/2011,0,0,UU,,,,0,0,21,South Gloucestershire,,E06000025,947531,0,10,0,,E,0,1,,370712,183516,U,"east of Greenways Road, Yate",0,South West,HALIFAX ROAD,0,2,24,2011
5/24/2011,0,0,UU,,,,0,0,27,South Gloucestershire,,E06000025,947531,1,11,1,,E,1,0,,370712,183516,U,"east of Greenways Road, Yate",0,South West,HALIFAX ROAD,0,1,29,2011
5/24/2011,0,0,UU,,,,0,0,26,South Gloucestershire,,E06000025,947531,1,12,0,,E,1,1,,370712,183516,U,"east of Greenways Road, Yate",0,South West,HALIFAX ROAD,0,4,32,2011
5/24/2011,0,0,UU,,,,0,0,39,South Gloucestershire,,E06000025,947531,0,13,1,,E,0,1,,370712,183516,U,"east of Greenways Road, Yate",0,South West,HALIFAX ROAD,0,5,45,2011
5/24/2011,0,0,UU,,,,3,0,44,South Gloucestershire,,E06000025,947531,1,14,1,,E,1,1,,370712,183516,U,"east of Greenways Road, Yate",0,South West,HALIFAX ROAD,0,8,57,2011
5/24/2011,0,0,UU,,,,0,0,46,South Gloucestershire,,E06000025,947531,0,15,1,,E,0,1,,370712,183516,U,"east of Greenways Road, Yate",0,South West,HALIFAX ROAD,0,4,51,2011
5/24/2011,0,0,UU,,,,0,0,65,South Gloucestershire,,E06000025,947531,1,16,4,,E,1,3,,370712,183516,U,"east of Greenways Road, Yate",0,South West,HALIFAX ROAD,0,5,74,2011
5/24/2011,0,0,UU,,,,1,0,70,South Gloucestershire,,E06000025,947531,0,17,0,,E,0,1,,370712,183516,U,"east of Greenways Road, Yate",0,South West,HALIFAX ROAD,0,8,80,2011
5/24/2011,0,0,UU,,,,0,0,48,South Gloucestershire,,E06000025,947531,0,18,1,,E,0,1,,370712,183516,U,"east of Greenways Road, Yate",0,South West,HALIFAX ROAD,0,6,55,2011
5/24/2011,0,0,UU,,,,0,0,19,South Gloucestershire,,E06000025,947531,0,7,0,,W,0,0,,370712,183516,U,"east of Greenways Road, Yate",0,South West,HALIFAX ROAD,0,4,23,2011
5/24/2011,0,0,UU,,,,0,0,44,South Gloucestershire,,E06000025,947531,0,8,2,,W,0,1,,370712,183516,U,"east of Greenways Road, Yate",0,South West,HALIFAX ROAD,0,10,55,2011
5/24/2011,0,0,UU,,,,1,0,24,South Gloucestershire,,E06000025,947531,0,9,0,,W,0,1,,370712,183516,U,"east of Greenways Road, Yate",0,South West,HALIFAX ROAD,0,2,28,2011
5/24/2011,0,0,UU,,,,0,0,26,South Gloucestershire,,E06000025,947531,0,10,1,,W,0,1,,370712,183516,U,"east of Greenways Road, Yate",0,South West,HALIFAX ROAD,0,6,33,2011
5/24/2011,0,0,UU,,,,0,0,24,South Gloucestershire,,E06000025,947531,0,11,0,,W,0,2,,370712,183516,U,"east of Greenways Road, Yate",0,South West,HALIFAX ROAD,0,4,30,2011
5/24/2011,0,0,UU,,,,0,0,39,South Gloucestershire,,E06000025,947531,0,12,0,,W,0,1,,370712,183516,U,"east of Greenways Road, Yate",0,South West,HALIFAX ROAD,0,2,42,2011
5/24/2011,0,0,UU,,,,1,0,27,South Gloucestershire,,E06000025,947531,1,13,1,,W,1,1,,370712,183516,U,"east of Greenways Road, Yate",0,South West,HALIFAX ROAD,0,5,35,2011
5/24/2011,0,0,UU,,,,3,0,35,South Gloucestershire,,E06000025,947531,0,14,2,,W,0,1,,370712,183516,U,"east of Greenways Road, Yate",0,South West,HALIFAX ROAD,0,4,43,2011
5/24/2011,0,0,UU,,,,1,0,51,South Gloucestershire,,E06000025,947531,0,15,0,,W,0,1,,370712,183516,U,"east of Greenways Road, Yate",0,South West,HALIFAX ROAD,0,2,55,2011
5/24/2011,0,0,UU,,,,0,0,44,South Gloucestershire,,E06000025,947531,0,16,1,,W,0,0,,370712,183516,U,"east of Greenways Road, Yate",0,South West,HALIFAX ROAD,0,6,50,2011
5/24/2011,0,0,UU,,,,2,0,81,South Gloucestershire,,E06000025,947531,0,17,2,,W,0,1,,370712,183516,U,"east of Greenways Road, Yate",0,South West,HALIFAX ROAD,0,8,92,2011
5/24/2011,0,0,UU,,,,1,0,61,South Gloucestershire,,E06000025,947531,0,18,3,,W,0,1,,370712,183516,U,"east of Greenways Road, Yate",0,South West,HALIFAX ROAD,0,6,69,2011
5/24/2011,0,0,UU,,,,0,0,6,"Bristol, City of",,E06000023,951879,0,7,0,,N,0,0,,363128,176155,U,North of Manor Road,0,South West,Claverham Road,0,1,7,2011
5/24/2011,0,0,UU,,,,0,0,5,"Bristol, City of",,E06000023,951879,0,8,2,,N,0,2,,363128,176155,U,North of Manor Road,0,South West,Claverham Road,0,0,7,2011
5/24/2011,0,0,UU,,,,0,0,5,"Bristol, City of",,E06000023,951879,0,9,1,,N,0,0,,363128,176155,U,North of Manor Road,0,South West,Claverham Road,0,2,7,2011
5/24/2011,0,0,UU,,,,0,0,7,"Bristol, City of",,E06000023,951879,0,10,1,,N,0,0,,363128,176155,U,North of Manor Road,0,South West,Claverham Road,0,1,8,2011
5/24/2011,0,0,UU,,,,0,0,13,"Bristol, City of",,E06000023,951879,0,11,1,,N,0,0,,363128,176155,U,North of Manor Road,0,South West,Claverham Road,0,1,14,2011
5/24/2011,0,0,UU,,,,0,0,4,"Bristol, City of",,E06000023,951879,0,12,0,,N,0,0,,363128,176155,U,North of Manor Road,0,South West,Claverham Road,0,0,4,2011
5/24/2011,0,0,UU,,,,0,0,10,"Bristol, City of",,E06000023,951879,2,13,1,,N,2,0,,363128,176155,U,North of Manor Road,0,South West,Claverham Road,0,1,13,2011
5/24/2011,0,0,UU,,,,0,0,6,"Bristol, City of",,E06000023,951879,0,14,1,,N,0,0,,363128,176155,U,North of Manor Road,0,South West,Claverham Road,0,2,8,2011
5/24/2011,0,0,UU,,,,0,0,13,"Bristol, City of",,E06000023,951879,0,15,0,,N,0,0,,363128,176155,U,North of Manor Road,0,South West,Claverham Road,0,1,14,2011
5/24/2011,0,0,UU,,,,0,0,6,"Bristol, City of",,E06000023,951879,0,16,0,,N,0,0,,363128,176155,U,North of Manor Road,0,South West,Claverham Road,0,2,8,2011
5/24/2011,0,0,UU,,,,0,0,13,"Bristol, City of",,E06000023,951879,0,17,0,,N,0,0,,363128,176155,U,North of Manor Road,0,South West,Claverham Road,0,0,13,2011
5/24/2011,0,0,UU,,,,1,0,11,"Bristol, City of",,E06000023,951879,0,18,0,,N,0,0,,363128,176155,U,North of Manor Road,0,South West,Claverham Road,0,2,14,2011
5/24/2011,0,0,UU,,,,1,0,16,"Bristol, City of",,E06000023,951879,0,7,2,,S,0,0,,363128,176155,U,North of Manor Road,0,South West,Claverham Road,0,2,19,2011
5/24/2011,0,0,UU,,,,0,0,14,"Bristol, City of",,E06000023,951879,0,8,1,,S,0,0,,363128,176155,U,North of Manor Road,0,South West,Claverham Road,0,0,14,2011
5/24/2011,0,0,UU,,,,0,0,15,"Bristol, City of",,E06000023,951879,0,9,1,,S,0,0,,363128,176155,U,North of Manor Road,0,South West,Claverham Road,0,3,18,2011
5/24/2011,0,0,UU,,,,0,0,7,"Bristol, City of",,E06000023,951879,0,10,0,,S,0,0,,363128,176155,U,North of Manor Road,0,South West,Claverham Road,0,0,7,2011
5/24/2011,0,0,UU,,,,0,0,9,"Bristol, City of",,E06000023,951879,0,11,0,,S,0,0,,363128,176155,U,North of Manor Road,0,South West,Claverham Road,0,1,10,2011
5/24/2011,0,0,UU,,,,1,0,5,"Bristol, City of",,E06000023,951879,0,12,1,,S,0,0,,363128,176155,U,North of Manor Road,0,South West,Claverham Road,0,1,7,2011
5/24/2011,0,0,UU,,,,0,0,6,"Bristol, City of",,E06000023,951879,0,13,0,,S,0,0,,363128,176155,U,North of Manor Road,0,South West,Claverham Road,0,0,6,2011
5/24/2011,0,0,UU,,,,1,0,8,"Bristol, City of",,E06000023,951879,0,14,1,,S,0,0,,363128,176155,U,North of Manor Road,0,South West,Claverham Road,0,2,11,2011
5/24/2011,0,0,UU,,,,0,0,8,"Bristol, City of",,E06000023,951879,0,15,0,,S,0,0,,363128,176155,U,North of Manor Road,0,South West,Claverham Road,0,2,10,2011
5/24/2011,0,0,UU,,,,1,0,8,"Bristol, City of",,E06000023,951879,0,16,0,,S,0,0,,363128,176155,U,North of Manor Road,0,South West,Claverham Road,0,0,9,2011
5/24/2011,0,0,UU,,,,0,0,7,"Bristol, City of",,E06000023,951879,0,17,0,,S,0,0,,363128,176155,U,North of Manor Road,0,South West,Claverham Road,0,1,8,2011
5/24/2011,0,0,UU,,,,0,0,12,"Bristol, City of",,E06000023,951879,0,18,0,,S,0,0,,363128,176155,U,North of Manor Road,0,South West,Claverham Road,0,1,13,2011
5/6/2011,1,0,UU,,,,2,0,33,"Bristol, City of",,E06000023,946783,1,7,3,,N,0,0,,360715,170862,U,East of Wells Road,0,South West,GREENMORE ROAD,0,9,45,2011
5/6/2011,0,0,UU,,,,0,0,32,"Bristol, City of",,E06000023,946783,1,8,1,,N,1,0,,360715,170862,U,East of Wells Road,0,South West,GREENMORE ROAD,0,3,36,2011
5/6/2011,0,0,UU,,,,0,1,52,"Bristol, City of",,E06000023,946783,3,9,1,,N,2,0,,360715,170862,U,East of Wells Road,0,South West,GREENMORE ROAD,0,7,62,2011
5/6/2011,0,0,UU,,,,0,0,43,"Bristol, City of",,E06000023,946783,1,10,0,,N,1,0,,360715,170862,U,East of Wells Road,0,South West,GREENMORE ROAD,0,18,62,2011
5/6/2011,0,0,UU,,,,0,0,46,"Bristol, City of",,E06000023,946783,0,11,1,,N,0,0,,360715,170862,U,East of Wells Road,0,South West,GREENMORE ROAD,0,18,64,2011
5/6/2011,1,0,UU,,,,0,0,60,"Bristol, City of",,E06000023,946783,2,12,1,,N,1,0,,360715,170862,U,East of Wells Road,0,South West,GREENMORE ROAD,0,11,73,2011
5/6/2011,0,0,UU,,,,0,0,50,"Bristol, City of",,E06000023,946783,0,13,1,,N,0,0,,360715,170862,U,East of Wells Road,0,South West,GREENMORE ROAD,0,10,60,2011
5/6/2011,0,0,UU,,,,3,0,55,"Bristol, City of",,E06000023,946783,0,14,2,,N,0,0,,360715,170862,U,East of Wells Road,0,South West,GREENMORE ROAD,0,14,72,2011
5/6/2011,0,0,UU,,,,1,0,57,"Bristol, City of",,E06000023,946783,0,15,3,,N,0,0,,360715,170862,U,East of Wells Road,0,South West,GREENMORE ROAD,0,9,67,2011
5/6/2011,0,0,UU,,,,1,0,48,"Bristol, City of",,E06000023,946783,0,16,3,,N,0,0,,360715,170862,U,East of Wells Road,0,South West,GREENMORE ROAD,0,8,57,2011
5/6/2011,0,0,UU,,,,1,0,65,"Bristol, City of",,E06000023,946783,0,17,4,,N,0,0,,360715,170862,U,East of Wells Road,0,South West,GREENMORE ROAD,0,2,68,2011
5/6/2011,0,0,UU,,,,3,0,82,"Bristol, City of",,E06000023,946783,0,18,2,,N,0,0,,360715,170862,U,East of Wells Road,0,South West,GREENMORE ROAD,0,8,93,2011
5/6/2011,0,0,UU,,,,1,0,7,"Bristol, City of",,E06000023,946787,0,7,1,,N,0,0,,357980,168133,U,South of Fulford Road,0,South West,RANDOLPH AVENUE,0,2,10,2011
5/6/2011,0,0,UU,,,,0,0,18,"Bristol, City of",,E06000023,946787,1,8,0,,N,1,0,,357980,168133,U,South of Fulford Road,0,South West,RANDOLPH AVENUE,0,2,21,2011
5/6/2011,0,0,UU,,,,2,0,17,"Bristol, City of",,E06000023,946787,1,9,0,,N,1,0,,357980,168133,U,South of Fulford Road,0,South West,RANDOLPH AVENUE,0,2,22,2011
5/6/2011,0,0,UU,,,,0,0,12,"Bristol, City of",,E06000023,946787,0,10,0,,N,0,0,,357980,168133,U,South of Fulford Road,0,South West,RANDOLPH AVENUE,0,1,13,2011
5/6/2011,0,0,UU,,,,0,0,14,"Bristol, City of",,E06000023,946787,1,11,1,,N,1,0,,357980,168133,U,South of Fulford Road,0,South West,RANDOLPH AVENUE,0,1,16,2011
5/6/2011,0,0,UU,,,,1,0,11,"Bristol, City of",,E06000023,946787,0,12,0,,N,0,0,,357980,168133,U,South of Fulford Road,0,South West,RANDOLPH AVENUE,0,1,13,2011
5/6/2011,0,0,UU,,,,1,0,15,"Bristol, City of",,E06000023,946787,2,13,0,,N,2,0,,357980,168133,U,South of Fulford Road,0,South West,RANDOLPH AVENUE,0,2,20,2011
5/6/2011,0,0,UU,,,,3,0,9,"Bristol, City of",,E06000023,946787,1,14,3,,N,1,0,,357980,168133,U,South of Fulford Road,0,South West,RANDOLPH AVENUE,0,1,14,2011
5/6/2011,0,0,UU,,,,0,0,16,"Bristol, City of",,E06000023,946787,1,15,0,,N,1,0,,357980,168133,U,South of Fulford Road,0,South West,RANDOLPH AVENUE,0,6,23,2011
5/6/2011,0,0,UU,,,,2,0,20,"Bristol, City of",,E06000023,946787,0,16,2,,N,0,0,,357980,168133,U,South of Fulford Road,0,South West,RANDOLPH AVENUE,0,2,24,2011
5/6/2011,0,0,UU,,,,0,0,18,"Bristol, City of",,E06000023,946787,0,17,0,,N,0,1,,357980,168133,U,South of Fulford Road,0,South West,RANDOLPH AVENUE,0,3,22,2011
5/6/2011,0,0,UU,,,,2,0,15,"Bristol, City of",,E06000023,946787,1,18,3,,N,1,0,,357980,168133,U,South of Fulford Road,0,South West,RANDOLPH AVENUE,0,1,19,2011
5/6/2011,0,0,UU,,,,0,0,5,"Bristol, City of",,E06000023,946787,0,7,1,,S,0,0,,357980,168133,U,South of Fulford Road,0,South West,RANDOLPH AVENUE,0,2,7,2011
5/6/2011,0,0,UU,,,,0,0,13,"Bristol, City of",,E06000023,946787,0,8,1,,S,0,0,,357980,168133,U,South of Fulford Road,0,South West,RANDOLPH AVENUE,0,1,14,2011
5/6/2011,0,0,UU,,,,3,0,13,"Bristol, City of",,E06000023,946787,0,9,0,,S,0,1,,357980,168133,U,South of Fulford Road,0,South West,RANDOLPH AVENUE,0,1,18,2011
5/6/2011,0,0,UU,,,,0,0,6,"Bristol, City of",,E06000023,946787,0,10,0,,S,0,0,,357980,168133,U,South of Fulford Road,0,South West,RANDOLPH AVENUE,0,2,8,2011
5/6/2011,0,0,UU,,,,0,0,7,"Bristol, City of",,E06000023,946787,0,11,2,,S,0,0,,357980,168133,U,South of Fulford Road,0,South West,RANDOLPH AVENUE,0,2,9,2011
5/6/2011,0,0,UU,,,,2,0,15,"Bristol, City of",,E06000023,946787,0,12,0,,S,0,0,,357980,168133,U,South of Fulford Road,0,South West,RANDOLPH AVENUE,0,0,17,2011
5/6/2011,0,0,UU,,,,1,0,11,"Bristol, City of",,E06000023,946787,2,13,0,,S,2,0,,357980,168133,U,South of Fulford Road,0,South West,RANDOLPH AVENUE,0,2,16,2011
5/6/2011,0,0,UU,,,,4,0,19,"Bristol, City of",,E06000023,946787,1,14,3,,S,1,0,,357980,168133,U,South of Fulford Road,0,South West,RANDOLPH AVENUE,0,0,24,2011
5/6/2011,0,0,UU,,,,0,0,16,"Bristol, City of",,E06000023,946787,0,15,2,,S,0,0,,357980,168133,U,South of Fulford Road,0,South West,RANDOLPH AVENUE,0,2,18,2011
5/6/2011,0,0,UU,,,,1,0,16,"Bristol, City of",,E06000023,946787,0,16,1,,S,0,0,,357980,168133,U,South of Fulford Road,0,South West,RANDOLPH AVENUE,0,3,20,2011
5/6/2011,0,0,UU,,,,1,0,24,"Bristol, City of",,E06000023,946787,0,17,2,,S,0,0,,357980,168133,U,South of Fulford Road,0,South West,RANDOLPH AVENUE,0,5,30,2011
5/6/2011,0,0,UU,,,,1,0,22,"Bristol, City of",,E06000023,946787,1,18,3,,S,1,0,,357980,168133,U,South of Fulford Road,0,South West,RANDOLPH AVENUE,0,3,27,2011
5/16/2011,5,0,PR,159810,353281,344800,16,1,697,North Somerset,167124,E06000024,56409,30,7,4,B3130,N,15,2,A368,345000,160000,A38,,4,South West,,5,81,826,2011
5/16/2011,2,3,PR,159810,353281,344800,12,1,663,North Somerset,167124,E06000024,56409,23,8,5,B3130,N,10,1,A368,345000,160000,A38,,2,South West,,5,85,784,2011
5/16/2011,4,1,PR,159810,353281,344800,5,4,451,North Somerset,167124,E06000024,56409,42,9,2,B3130,N,28,0,A368,345000,160000,A38,,5,South West,,0,74,572,2011
5/16/2011,1,5,PR,159810,353281,344800,3,1,365,North Somerset,167124,E06000024,56409,43,10,4,B3130,N,26,0,A368,345000,160000,A38,,5,South West,,5,67,478,2011
5/16/2011,2,2,PR,159810,353281,344800,4,2,369,North Somerset,167124,E06000024,56409,24,11,1,B3130,N,12,2,A368,345000,160000,A38,,3,South West,,3,66,465,2011
5/16/2011,3,0,PR,159810,353281,344800,3,2,321,North Somerset,167124,E06000024,56409,19,12,4,B3130,N,11,2,A368,345000,160000,A38,,1,South West,,2,96,441,2011
5/16/2011,3,2,PR,159810,353281,344800,4,5,331,North Somerset,167124,E06000024,56409,37,13,4,B3130,N,19,6,A368,345000,160000,A38,,6,South West,,2,53,431,2011
5/16/2011,3,2,PR,159810,353281,344800,0,3,352,North Somerset,167124,E06000024,56409,42,14,5,B3130,N,29,7,A368,345000,160000,A38,,3,South West,,2,69,470,2011
5/16/2011,3,0,PR,159810,353281,344800,3,1,413,North Somerset,167124,E06000024,56409,24,15,2,B3130,N,17,10,A368,345000,160000,A38,,2,South West,,1,68,518,2011
5/16/2011,1,0,PR,159810,353281,344800,7,4,398,North Somerset,167124,E06000024,56409,22,16,2,B3130,N,10,5,A368,345000,160000,A38,,5,South West,,2,85,517,2011
5/16/2011,0,1,PR,159810,353281,344800,8,2,439,North Somerset,167124,E06000024,56409,8,17,0,B3130,N,5,5,A368,345000,160000,A38,,0,South West,,0,72,532,2011
5/16/2011,1,0,PR,159810,353281,344800,6,1,317,North Somerset,167124,E06000024,56409,4,18,3,B3130,N,1,3,A368,345000,160000,A38,,0,South West,,1,48,378,2011
5/16/2011,5,0,PR,159810,353281,344800,2,4,244,North Somerset,167124,E06000024,56409,40,7,0,B3130,S,29,6,A368,345000,160000,A38,,1,South West,,1,87,379,2011
5/16/2011,9,2,PR,159810,353281,344800,3,0,410,North Somerset,167124,E06000024,56409,32,8,1,B3130,S,12,6,A368,345000,160000,A38,,5,South West,,4,92,543,2011
5/16/2011,4,0,PR,159810,353281,344800,2,0,282,North Somerset,167124,E06000024,56409,26,9,1,B3130,S,14,4,A368,345000,160000,A38,,2,South West,,6,73,387,2011
5/16/2011,2,1,PR,159810,353281,344800,2,2,276,North Somerset,167124,E06000024,56409,32,10,0,B3130,S,22,2,A368,345000,160000,A38,,2,South West,,3,65,377,2011
5/16/2011,2,2,PR,159810,353281,344800,5,4,305,North Somerset,167124,E06000024,56409,27,11,0,B3130,S,13,2,A368,345000,160000,A38,,2,South West,,4,52,391,2011
5/16/2011,2,3,PR,159810,353281,344800,5,3,377,North Somerset,167124,E06000024,56409,37,12,0,B3130,S,23,2,A368,345000,160000,A38,,4,South West,,2,52,473,2011
5/16/2011,3,2,PR,159810,353281,344800,0,1,330,North Somerset,167124,E06000024,56409,30,13,2,B3130,S,16,2,A368,345000,160000,A38,,3,South West,,5,43,405,2011
5/16/2011,2,5,PR,159810,353281,344800,3,1,328,North Somerset,167124,E06000024,56409,25,14,1,B3130,S,11,4,A368,345000,160000,A38,,4,South West,,2,70,430,2011
5/16/2011,1,1,PR,159810,353281,344800,4,6,387,North Somerset,167124,E06000024,56409,25,15,2,B3130,S,12,13,A368,345000,160000,A38,,4,South West,,1,93,522,2011
5/16/2011,1,1,PR,159810,353281,344800,12,1,468,North Somerset,167124,E06000024,56409,17,16,3,B3130,S,10,3,A368,345000,160000,A38,,2,South West,,2,72,572,2011
5/16/2011,0,3,PR,159810,353281,344800,11,2,725,North Somerset,167124,E06000024,56409,12,17,1,B3130,S,4,3,A368,345000,160000,A38,,3,South West,,0,81,832,2011
5/16/2011,1,0,PR,159810,353281,344800,9,1,405,North Somerset,167124,E06000024,56409,4,18,1,B3130,S,2,2,A368,345000,160000,A38,,0,South West,,0,29,449,2011
5/16/2011,0,0,BU,,,,12,0,414,South Gloucestershire,,E06000025,947494,2,7,7,,N,1,4,,363505,188491,B4061,"north of Old Gloucester Road, Alveston",0,South West,ALVESTON HILL,1,55,487,2011
5/16/2011,0,0,BU,,,,17,1,586,South Gloucestershire,,E06000025,947494,18,8,9,,N,17,10,,363505,188491,B4061,"north of Old Gloucester Road, Alveston",0,South West,ALVESTON HILL,0,59,690,2011
5/16/2011,0,0,BU,,,,5,0,420,South Gloucestershire,,E06000025,947494,7,9,5,,N,7,7,,363505,188491,B4061,"north of Old Gloucester Road, Alveston",0,South West,ALVESTON HILL,0,58,497,2011
5/16/2011,3,0,BU,,,,1,0,374,South Gloucestershire,,E06000025,947494,5,10,3,,N,2,4,,363505,188491,B4061,"north of Old Gloucester Road, Alveston",0,South West,ALVESTON HILL,0,57,441,2011
5/16/2011,0,1,BU,,,,2,0,401,South Gloucestershire,,E06000025,947494,6,11,0,,N,5,4,,363505,188491,B4061,"north of Old Gloucester Road, Alveston",0,South West,ALVESTON HILL,0,51,464,2011
5/16/2011,0,3,BU,,,,2,0,485,South Gloucestershire,,E06000025,947494,8,12,3,,N,5,5,,363505,188491,B4061,"north of Old Gloucester Road, Alveston",0,South West,ALVESTON HILL,0,52,552,2011
5/16/2011,0,0,BU,,,,1,1,380,South Gloucestershire,,E06000025,947494,4,13,0,,N,3,3,,363505,188491,B4061,"north of Old Gloucester Road, Alveston",0,South West,ALVESTON HILL,0,51,439,2011
5/16/2011,2,0,BU,,,,3,0,375,South Gloucestershire,,E06000025,947494,7,14,1,,N,5,4,,363505,188491,B4061,"north of Old Gloucester Road, Alveston",0,South West,ALVESTON HILL,0,59,448,2011
5/16/2011,0,0,BU,,,,8,1,546,South Gloucestershire,,E06000025,947494,11,15,27,,N,10,13,,363505,188491,B4061,"north of Old Gloucester Road, Alveston",0,South West,ALVESTON HILL,0,61,639,2011
5/16/2011,0,0,BU,,,,4,0,647,South Gloucestershire,,E06000025,947494,2,16,7,,N,2,8,,363505,188491,B4061,"north of Old Gloucester Road, Alveston",0,South West,ALVESTON HILL,0,71,732,2011
5/16/2011,0,0,BU,,,,8,0,771,South Gloucestershire,,E06000025,947494,1,17,7,,N,1,5,,363505,188491,B4061,"north of Old Gloucester Road, Alveston",0,South West,ALVESTON HILL,0,46,831,2011
5/16/2011,0,0,BU,,,,6,0,406,South Gloucestershire,,E06000025,947494,2,18,2,,N,2,4,,363505,188491,B4061,"north of Old Gloucester Road, Alveston",0,South West,ALVESTON HILL,0,23,441,2011
5/16/2011,0,0,BU,,,,5,1,404,South Gloucestershire,,E06000025,947494,2,7,10,,S,1,5,,363505,188491,B4061,"north of Old Gloucester Road, Alveston",0,South West,ALVESTON HILL,0,66,482,2011
5/16/2011,0,0,BU,,,,8,0,863,South Gloucestershire,,E06000025,947494,1,8,3,,S,1,9,,363505,188491,B4061,"north of Old Gloucester Road, Alveston",0,South West,ALVESTON HILL,0,80,961,2011
5/16/2011,0,0,BU,,,,5,0,438,South Gloucestershire,,E06000025,947494,1,9,2,,S,1,2,,363505,188491,B4061,"north of Old Gloucester Road, Alveston",0,South West,ALVESTON HILL,0,71,517,2011
5/16/2011,1,0,BU,,,,2,0,319,South Gloucestershire,,E06000025,947494,6,10,1,,S,5,2,,363505,188491,B4061,"north of Old Gloucester Road, Alveston",0,South West,ALVESTON HILL,0,43,372,2011
5/16/2011,0,0,BU,,,,4,0,353,South Gloucestershire,,E06000025,947494,4,11,1,,S,4,3,,363505,188491,B4061,"north of Old Gloucester Road, Alveston",0,South West,ALVESTON HILL,0,79,443,2011
5/16/2011,0,0,BU,,,,7,0,432,South Gloucestershire,,E06000025,947494,8,12,1,,S,8,5,,363505,188491,B4061,"north of Old Gloucester Road, Alveston",0,South West,ALVESTON HILL,0,66,518,2011
5/16/2011,0,0,BU,,,,3,1,446,South Gloucestershire,,E06000025,947494,6,13,0,,S,5,3,,363505,188491,B4061,"north of Old Gloucester Road, Alveston",0,South West,ALVESTON HILL,0,80,538,2011
5/16/2011,0,0,BU,,,,4,0,416,South Gloucestershire,,E06000025,947494,3,14,3,,S,3,3,,363505,188491,B4061,"north of Old Gloucester Road, Alveston",0,South West,ALVESTON HILL,0,64,490,2011
5/16/2011,0,1,BU,,,,3,0,555,South Gloucestershire,,E06000025,947494,2,15,4,,S,1,8,,363505,188491,B4061,"north of Old Gloucester Road, Alveston",0,South West,ALVESTON HILL,0,66,634,2011
5/16/2011,0,2,BU,,,,13,0,543,South Gloucestershire,,E06000025,947494,4,16,6,,S,2,4,,363505,188491,B4061,"north of Old Gloucester Road, Alveston",0,South West,ALVESTON HILL,0,68,632,2011
5/16/2011,0,0,BU,,,,10,0,673,South Gloucestershire,,E06000025,947494,6,17,15,,S,6,9,,363505,188491,B4061,"north of Old Gloucester Road, Alveston",0,South West,ALVESTON HILL,0,59,757,2011
5/16/2011,0,0,BU,,,,5,0,514,South Gloucestershire,,E06000025,947494,5,18,4,,S,5,3,,363505,188491,B4061,"north of Old Gloucester Road, Alveston",0,South West,ALVESTON HILL,0,31,558,2011
5/17/2011,3,1,PR,168590,352100,348690,21,10,795,North Somerset,169290,E06000024,27028,26,7,15,B3130,E,7,5,Station Road Backwell,351500,169360,A370,,5,South West,,0,73,920,2011
5/17/2011,4,1,PR,168590,352100,348690,21,5,537,North Somerset,169290,E06000024,27028,25,8,16,B3130,E,9,6,Station Road Backwell,351500,169360,A370,,4,South West,,2,37,626,2011
5/17/2011,2,1,PR,168590,352100,348690,6,8,433,North Somerset,169290,E06000024,27028,31,9,2,B3130,E,13,6,Station Road Backwell,351500,169360,A370,,6,South West,,1,51,527,2011
5/17/2011,4,0,PR,168590,352100,348690,4,10,310,North Somerset,169290,E06000024,27028,31,10,0,B3130,E,14,8,Station Road Backwell,351500,169360,A370,,0,South West,,3,78,431,2011
5/17/2011,0,4,PR,168590,352100,348690,5,5,262,North Somerset,169290,E06000024,27028,25,11,0,B3130,E,12,5,Station Road Backwell,351500,169360,A370,,2,South West,,2,71,368,2011
5/17/2011,5,0,PR,168590,352100,348690,2,1,260,North Somerset,169290,E06000024,27028,25,12,1,B3130,E,13,7,Station Road Backwell,351500,169360,A370,,4,South West,,2,69,363,2011
5/17/2011,3,1,PR,168590,352100,348690,3,5,291,North Somerset,169290,E06000024,27028,22,13,1,B3130,E,11,6,Station Road Backwell,351500,169360,A370,,2,South West,,0,66,388,2011
5/17/2011,4,0,PR,168590,352100,348690,7,2,273,North Somerset,169290,E06000024,27028,26,14,3,B3130,E,17,6,Station Road Backwell,351500,169360,A370,,2,South West,,1,52,364,2011
5/17/2011,0,3,PR,168590,352100,348690,3,1,325,North Somerset,169290,E06000024,27028,12,15,2,B3130,E,4,7,Station Road Backwell,351500,169360,A370,,3,South West,,1,63,410,2011
5/17/2011,1,0,PR,168590,352100,348690,6,0,299,North Somerset,169290,E06000024,27028,8,16,3,B3130,E,5,11,Station Road Backwell,351500,169360,A370,,1,South West,,1,55,379,2011
5/17/2011,1,0,PR,168590,352100,348690,3,0,397,North Somerset,169290,E06000024,27028,7,17,3,B3130,E,4,3,Station Road Backwell,351500,169360,A370,,1,South West,,1,42,452,2011
5/17/2011,0,0,PR,168590,352100,348690,2,0,344,North Somerset,169290,E06000024,27028,1,18,3,B3130,E,1,4,Station Road Backwell,351500,169360,A370,,0,South West,,0,32,383,2011
5/17/2011,3,1,PR,168590,352100,348690,5,9,288,North Somerset,169290,E06000024,27028,23,7,3,B3130,W,8,7,Station Road Backwell,351500,169360,A370,,1,South West,,1,88,411,2011
5/17/2011,0,3,PR,168590,352100,348690,9,6,374,North Somerset,169290,E06000024,27028,31,8,3,B3130,W,19,4,Station Road Backwell,351500,169360,A370,,3,South West,,0,67,485,2011
5/17/2011,5,3,PR,168590,352100,348690,3,6,223,North Somerset,169290,E06000024,27028,35,9,0,B3130,W,13,6,Station Road Backwell,351500,169360,A370,,2,South West,,6,62,329,2011
5/17/2011,1,1,PR,168590,352100,348690,5,9,256,North Somerset,169290,E06000024,27028,30,10,0,B3130,W,14,6,Station Road Backwell,351500,169360,A370,,4,South West,,1,57,354,2011
5/17/2011,0,3,PR,168590,352100,348690,3,11,246,North Somerset,169290,E06000024,27028,29,11,1,B3130,W,11,5,Station Road Backwell,351500,169360,A370,,1,South West,,3,57,340,2011
5/17/2011,2,1,PR,168590,352100,348690,4,12,308,North Somerset,169290,E06000024,27028,26,12,2,B3130,W,7,7,Station Road Backwell,351500,169360,A370,,1,South West,,3,69,414,2011
5/17/2011,1,0,PR,168590,352100,348690,3,7,326,North Somerset,169290,E06000024,27028,25,13,1,B3130,W,14,8,Station Road Backwell,351500,169360,A370,,0,South West,,3,56,418,2011
5/17/2011,3,3,PR,168590,352100,348690,2,6,369,North Somerset,169290,E06000024,27028,25,14,2,B3130,W,9,7,Station Road Backwell,351500,169360,A370,,1,South West,,3,62,465,2011
5/17/2011,3,5,PR,168590,352100,348690,5,5,484,North Somerset,169290,E06000024,27028,22,15,3,B3130,W,7,8,Station Road Backwell,351500,169360,A370,,1,South West,,1,72,591,2011
5/17/2011,1,0,PR,168590,352100,348690,19,2,741,North Somerset,169290,E06000024,27028,10,16,4,B3130,W,4,6,Station Road Backwell,351500,169360,A370,,2,South West,,1,90,866,2011
5/17/2011,0,0,PR,168590,352100,348690,25,1,846,North Somerset,169290,E06000024,27028,4,17,12,B3130,W,3,4,Station Road Backwell,351500,169360,A370,,0,South West,,0,60,939,2011
5/17/2011,1,0,PR,168590,352100,348690,16,0,627,North Somerset,169290,E06000024,27028,1,18,9,B3130,W,0,7,Station Road Backwell,351500,169360,A370,,0,South West,,0,49,700,2011
5/17/2011,10,0,PR,170170,365420,364390,36,7,1057,South Gloucestershire,172170,E06000025,99053,46,7,0,A4174 spur,N,20,6,A4,364600,171000,A4174,,4,South West,,5,305,1450,2011
5/17/2011,5,2,PR,170170,365420,364390,35,3,1077,South Gloucestershire,172170,E06000025,99053,47,8,0,A4174 spur,N,24,11,A4,364600,171000,A4174,,9,South West,,4,212,1382,2011
5/17/2011,12,1,PR,170170,365420,364390,18,19,797,South Gloucestershire,172170,E06000025,99053,69,9,0,A4174 spur,N,24,10,A4,364600,171000,A4174,,11,South West,,2,186,1080,2011
5/17/2011,8,3,PR,170170,365420,364390,7,6,720,South Gloucestershire,172170,E06000025,99053,61,10,0,A4174 spur,N,32,3,A4,364600,171000,A4174,,6,South West,,6,168,959,2011
5/17/2011,7,3,PR,170170,365420,364390,12,8,731,South Gloucestershire,172170,E06000025,99053,57,11,0,A4174 spur,N,26,4,A4,364600,171000,A4174,,4,South West,,9,177,981,2011
5/17/2011,3,1,PR,170170,365420,364390,14,12,782,South Gloucestershire,172170,E06000025,99053,51,12,0,A4174 spur,N,19,5,A4,364600,171000,A4174,,7,South West,,9,221,1073,2011
5/17/2011,6,4,PR,170170,365420,364390,13,6,721,South Gloucestershire,172170,E06000025,99053,54,13,0,A4174 spur,N,25,1,A4,364600,171000,A4174,,8,South West,,5,144,933,2011
5/17/2011,11,0,PR,170170,365420,364390,12,6,728,South Gloucestershire,172170,E06000025,99053,52,14,0,A4174 spur,N,25,6,A4,364600,171000,A4174,,3,South West,,7,162,960,2011
5/17/2011,6,2,PR,170170,365420,364390,23,11,839,South Gloucestershire,172170,E06000025,99053,60,15,0,A4174 spur,N,28,8,A4,364600,171000,A4174,,8,South West,,5,202,1132,2011
5/17/2011,4,1,PR,170170,365420,364390,20,1,1183,South Gloucestershire,172170,E06000025,99053,39,16,2,A4174 spur,N,27,4,A4,364600,171000,A4174,,2,South West,,4,262,1508,2011
5/17/2011,1,0,PR,170170,365420,364390,22,0,1349,South Gloucestershire,172170,E06000025,99053,19,17,1,A4174 spur,N,10,3,A4,364600,171000,A4174,,1,South West,,7,228,1621,2011
5/17/2011,1,0,PR,170170,365420,364390,10,2,1138,South Gloucestershire,172170,E06000025,99053,11,18,0,A4174 spur,N,4,11,A4,364600,171000,A4174,,2,South West,,2,89,1259,2011
5/17/2011,7,0,PR,170170,365420,364390,20,5,976,South Gloucestershire,172170,E06000025,99053,39,7,1,A4174 spur,S,18,7,A4,364600,171000,A4174,,3,South West,,6,295,1337,2011
5/17/2011,10,2,PR,170170,365420,364390,17,3,1028,South Gloucestershire,172170,E06000025,99053,58,8,0,A4174 spur,S,28,8,A4,364600,171000,A4174,,6,South West,,9,247,1358,2011
5/17/2011,7,0,PR,170170,365420,364390,14,17,794,South Gloucestershire,172170,E06000025,99053,63,9,0,A4174 spur,S,29,10,A4,364600,171000,A4174,,2,South West,,8,199,1080,2011
5/17/2011,12,1,PR,170170,365420,364390,7,7,599,South Gloucestershire,172170,E06000025,99053,70,10,0,A4174 spur,S,31,5,A4,364600,171000,A4174,,7,South West,,12,189,870,2011
5/17/2011,7,0,PR,170170,365420,364390,6,6,651,South Gloucestershire,172170,E06000025,99053,52,11,0,A4174 spur,S,24,5,A4,364600,171000,A4174,,9,South West,,6,233,947,2011
5/17/2011,4,0,PR,170170,365420,364390,11,5,700,South Gloucestershire,172170,E06000025,99053,44,12,0,A4174 spur,S,22,1,A4,364600,171000,A4174,,6,South West,,7,154,910,2011
5/17/2011,6,2,PR,170170,365420,364390,14,7,797,South Gloucestershire,172170,E06000025,99053,67,13,0,A4174 spur,S,35,1,A4,364600,171000,A4174,,7,South West,,10,196,1075,2011
5/17/2011,11,2,PR,170170,365420,364390,16,6,912,South Gloucestershire,172170,E06000025,99053,69,14,0,A4174 spur,S,37,4,A4,364600,171000,A4174,,7,South West,,6,185,1186,2011
5/17/2011,3,0,PR,170170,365420,364390,10,6,935,South Gloucestershire,172170,E06000025,99053,42,15,0,A4174 spur,S,22,7,A4,364600,171000,A4174,,5,South West,,6,192,1186,2011
5/17/2011,6,0,PR,170170,365420,364390,31,4,1188,South Gloucestershire,172170,E06000025,99053,38,16,0,A4174 spur,S,19,9,A4,364600,171000,A4174,,2,South West,,7,208,1474,2011
5/17/2011,3,1,PR,170170,365420,364390,35,4,1323,South Gloucestershire,172170,E06000025,99053,22,17,0,A4174 spur,S,9,9,A4,364600,171000,A4174,,2,South West,,3,221,1610,2011
5/17/2011,1,0,PR,170170,365420,364390,20,4,1101,South Gloucestershire,172170,E06000025,99053,16,18,1,A4174 spur,S,5,5,A4,364600,171000,A4174,,2,South West,,4,122,1264,2011
5/23/2011,19,9,TM,185800,360000,354450,11,2,2031,South Gloucestershire,185800,E06000025,99168,198,7,0,21,E,52,4,22,358000,186500,M4,,77,South West,,39,419,2663,2011
5/23/2011,4,15,TM,185800,360000,354450,19,6,1429,South Gloucestershire,185800,E06000025,99168,192,8,0,21,E,53,4,22,358000,186500,M4,,54,South West,,60,284,1928,2011
5/23/2011,8,19,TM,185800,360000,354450,9,1,1016,South Gloucestershire,185800,E06000025,99168,182,9,0,21,E,36,14,22,358000,186500,M4,,54,South West,,64,199,1420,2011
5/23/2011,9,14,TM,185800,360000,354450,10,2,991,South Gloucestershire,185800,E06000025,99168,217,10,0,21,E,58,6,22,358000,186500,M4,,67,South West,,67,208,1432,2011
5/23/2011,4,16,TM,185800,360000,354450,9,1,913,South Gloucestershire,185800,E06000025,99168,229,11,0,21,E,55,11,22,358000,186500,M4,,79,South West,,74,160,1322,2011
5/23/2011,6,16,TM,185800,360000,354450,6,2,823,South Gloucestershire,185800,E06000025,99168,202,12,0,21,E,42,5,22,358000,186500,M4,,59,South West,,77,159,1195,2011
5/23/2011,5,24,TM,185800,360000,354450,6,2,911,South Gloucestershire,185800,E06000025,99168,226,13,0,21,E,44,6,22,358000,186500,M4,,72,South West,,79,203,1352,2011
5/23/2011,5,22,TM,185800,360000,354450,9,2,866,South Gloucestershire,185800,E06000025,99168,215,14,0,21,E,69,11,22,358000,186500,M4,,52,South West,,65,169,1270,2011
5/23/2011,6,10,TM,185800,360000,354450,9,4,702,South Gloucestershire,185800,E06000025,99168,157,15,0,21,E,35,6,22,358000,186500,M4,,30,South West,,72,110,984,2011
5/23/2011,4,9,TM,185800,360000,354450,13,0,917,South Gloucestershire,185800,E06000025,99168,177,16,0,21,E,45,9,22,358000,186500,M4,,45,South West,,74,209,1325,2011
5/23/2011,3,12,TM,185800,360000,354450,6,5,1027,South Gloucestershire,185800,E06000025,99168,146,17,0,21,E,31,4,22,358000,186500,M4,,41,South West,,54,159,1342,2011
5/23/2011,0,20,TM,185800,360000,354450,8,2,750,South Gloucestershire,185800,E06000025,99168,113,18,0,21,E,6,2,22,358000,186500,M4,,44,South West,,41,87,960,2011
5/23/2011,9,7,TM,185800,360000,354450,7,4,940,South Gloucestershire,185800,E06000025,99168,176,7,0,21,W,56,0,22,358000,186500,M4,,51,South West,,49,238,1361,2011
5/23/2011,3,7,TM,185800,360000,354450,8,2,1041,South Gloucestershire,185800,E06000025,99168,137,8,0,21,W,38,3,22,358000,186500,M4,,38,South West,,49,184,1373,2011
5/23/2011,7,5,TM,185800,360000,354450,5,6,864,South Gloucestershire,185800,E06000025,99168,152,9,0,21,W,35,12,22,358000,186500,M4,,38,South West,,61,171,1204,2011
5/23/2011,8,4,TM,185800,360000,354450,7,2,687,South Gloucestershire,185800,E06000025,99168,135,10,0,21,W,40,11,22,358000,186500,M4,,30,South West,,51,147,987,2011
5/23/2011,8,5,TM,185800,360000,354450,7,3,805,South Gloucestershire,185800,E06000025,99168,144,11,0,21,W,30,12,22,358000,186500,M4,,31,South West,,67,164,1132,2011
5/23/2011,3,9,TM,185800,360000,354450,5,0,882,South Gloucestershire,185800,E06000025,99168,142,12,0,21,W,41,15,22,358000,186500,M4,,25,South West,,64,138,1182,2011
5/23/2011,6,7,TM,185800,360000,354450,3,3,815,South Gloucestershire,185800,E06000025,99168,156,13,0,21,W,39,9,22,358000,186500,M4,,40,South West,,61,156,1139,2011
5/23/2011,10,14,TM,185800,360000,354450,3,5,723,South Gloucestershire,185800,E06000025,99168,150,14,0,21,W,39,10,22,358000,186500,M4,,36,South West,,46,163,1049,2011
5/23/2011,7,17,TM,185800,360000,354450,10,4,970,South Gloucestershire,185800,E06000025,99168,154,15,0,21,W,31,5,22,358000,186500,M4,,40,South West,,55,250,1389,2011
5/23/2011,4,11,TM,185800,360000,354450,13,4,1327,South Gloucestershire,185800,E06000025,99168,142,16,0,21,W,22,7,22,358000,186500,M4,,39,South West,,62,209,1698,2011
5/23/2011,6,20,TM,185800,360000,354450,20,2,1352,South Gloucestershire,185800,E06000025,99168,122,17,0,21,W,13,7,22,358000,186500,M4,,29,South West,,52,160,1661,2011
5/23/2011,2,6,TM,185800,360000,354450,13,2,1135,South Gloucestershire,185800,E06000025,99168,98,18,0,21,W,10,5,22,358000,186500,M4,,35,South West,,43,127,1378,2011
5/23/2011,0,0,CR,,,,0,0,56,Bath and North East Somerset,,E06000022,946668,1,7,0,,N,1,0,,358471,161887,C, 1m south of Chew magna (300m south of Moorledge lane jcn),0,South West,MOORLEDGE ROAD,0,19,76,2011
5/23/2011,0,0,CR,,,,0,0,82,Bath and North East Somerset,,E06000022,946668,1,8,0,,N,1,1,,358471,161887,C, 1m south of Chew magna (300m south of Moorledge lane jcn),0,South West,MOORLEDGE ROAD,0,16,100,2011
5/23/2011,0,0,CR,,,,0,0,56,Bath and North East Somerset,,E06000022,946668,0,9,0,,N,0,0,,358471,161887,C, 1m south of Chew magna (300m south of Moorledge lane jcn),0,South West,MOORLEDGE ROAD,0,8,64,2011
5/23/2011,0,0,CR,,,,0,0,32,Bath and North East Somerset,,E06000022,946668,0,10,0,,N,0,0,,358471,161887,C, 1m south of Chew magna (300m south of Moorledge lane jcn),0,South West,MOORLEDGE ROAD,0,3,35,2011
5/23/2011,0,0,CR,,,,0,0,34,Bath and North East Somerset,,E06000022,946668,1,11,1,,N,1,0,,358471,161887,C, 1m south of Chew magna (300m south of Moorledge lane jcn),0,South West,MOORLEDGE ROAD,0,7,42,2011
5/23/2011,0,0,CR,,,,0,0,28,Bath and North East Somerset,,E06000022,946668,1,12,0,,N,1,0,,358471,161887,C, 1m south of Chew magna (300m south of Moorledge lane jcn),0,South West,MOORLEDGE ROAD,0,8,37,2011
5/23/2011,0,0,CR,,,,1,0,42,Bath and North East Somerset,,E06000022,946668,0,13,0,,N,0,0,,358471,161887,C, 1m south of Chew magna (300m south of Moorledge lane jcn),0,South West,MOORLEDGE ROAD,0,8,51,2011
5/23/2011,0,0,CR,,,,0,0,34,Bath and North East Somerset,,E06000022,946668,1,14,0,,N,1,0,,358471,161887,C, 1m south of Chew magna (300m south of Moorledge lane jcn),0,South West,MOORLEDGE ROAD,0,15,50,2011
5/23/2011,0,0,CR,,,,0,0,36,Bath and North East Somerset,,E06000022,946668,3,15,1,,N,3,0,,358471,161887,C, 1m south of Chew magna (300m south of Moorledge lane jcn),0,South West,MOORLEDGE ROAD,0,8,47,2011
5/23/2011,0,0,CR,,,,0,0,39,Bath and North East Somerset,,E06000022,946668,1,16,0,,N,1,0,,358471,161887,C, 1m south of Chew magna (300m south of Moorledge lane jcn),0,South West,MOORLEDGE ROAD,0,12,52,2011
5/23/2011,0,0,CR,,,,1,0,54,Bath and North East Somerset,,E06000022,946668,0,17,0,,N,0,0,,358471,161887,C, 1m south of Chew magna (300m south of Moorledge lane jcn),0,South West,MOORLEDGE ROAD,0,17,72,2011
5/23/2011,0,0,CR,,,,0,0,33,Bath and North East Somerset,,E06000022,946668,0,18,0,,N,0,0,,358471,161887,C, 1m south of Chew magna (300m south of Moorledge lane jcn),0,South West,MOORLEDGE ROAD,0,12,45,2011
5/23/2011,0,0,CR,,,,1,0,41,Bath and North East Somerset,,E06000022,946668,1,7,0,,S,1,0,,358471,161887,C, 1m south of Chew magna (300m south of Moorledge lane jcn),0,South West,MOORLEDGE ROAD,0,12,55,2011
5/23/2011,0,0,CR,,,,0,0,54,Bath and North East Somerset,,E06000022,946668,0,8,0,,S,0,0,,358471,161887,C, 1m south of Chew magna (300m south of Moorledge lane jcn),0,South West,MOORLEDGE ROAD,0,12,66,2011
5/23/2011,0,0,CR,,,,0,0,46,Bath and North East Somerset,,E06000022,946668,1,9,0,,S,1,0,,358471,161887,C, 1m south of Chew magna (300m south of Moorledge lane jcn),0,South West,MOORLEDGE ROAD,0,18,65,2011
5/23/2011,1,0,CR,,,,0,0,31,Bath and North East Somerset,,E06000022,946668,1,10,0,,S,0,0,,358471,161887,C, 1m south of Chew magna (300m south of Moorledge lane jcn),0,South West,MOORLEDGE ROAD,0,13,45,2011
5/23/2011,0,0,CR,,,,0,0,34,Bath and North East Somerset,,E06000022,946668,5,11,0,,S,5,0,,358471,161887,C, 1m south of Chew magna (300m south of Moorledge lane jcn),0,South West,MOORLEDGE ROAD,0,8,47,2011
5/23/2011,0,0,CR,,,,0,0,30,Bath and North East Somerset,,E06000022,946668,0,12,0,,S,0,0,,358471,161887,C, 1m south of Chew magna (300m south of Moorledge lane jcn),0,South West,MOORLEDGE ROAD,0,9,39,2011
5/23/2011,0,0,CR,,,,0,0,43,Bath and North East Somerset,,E06000022,946668,1,13,0,,S,1,0,,358471,161887,C, 1m south of Chew magna (300m south of Moorledge lane jcn),0,South West,MOORLEDGE ROAD,0,12,56,2011
5/23/2011,0,0,CR,,,,0,0,40,Bath and North East Somerset,,E06000022,946668,3,14,0,,S,3,0,,358471,161887,C, 1m south of Chew magna (300m south of Moorledge lane jcn),0,South West,MOORLEDGE ROAD,0,6,49,2011
5/23/2011,0,1,CR,,,,0,0,49,Bath and North East Somerset,,E06000022,946668,3,15,0,,S,1,1,,358471,161887,C, 1m south of Chew magna (300m south of Moorledge lane jcn),0,South West,MOORLEDGE ROAD,1,11,64,2011
5/23/2011,0,0,CR,,,,0,0,49,Bath and North East Somerset,,E06000022,946668,0,16,1,,S,0,1,,358471,161887,C, 1m south of Chew magna (300m south of Moorledge lane jcn),0,South West,MOORLEDGE ROAD,0,15,65,2011
5/23/2011,0,0,CR,,,,0,0,92,Bath and North East Somerset,,E06000022,946668,0,17,0,,S,0,0,,358471,161887,C, 1m south of Chew magna (300m south of Moorledge lane jcn),0,South West,MOORLEDGE ROAD,0,18,110,2011
5/23/2011,0,0,CR,,,,0,0,54,Bath and North East Somerset,,E06000022,946668,0,18,0,,S,0,0,,358471,161887,C, 1m south of Chew magna (300m south of Moorledge lane jcn),0,South West,MOORLEDGE ROAD,0,9,63,2011
5/23/2011,2,0,BU,,,,5,0,342,"Bristol, City of",,E06000023,946747,12,7,7,,N,10,2,,359779,174780,B4052,South of Briavals Grove,0,South West,ASHLEY HILL,0,98,459,2011
5/23/2011,0,0,BU,,,,13,1,690,"Bristol, City of",,E06000023,946747,14,8,12,,N,13,10,,359779,174780,B4052,South of Briavals Grove,0,South West,ASHLEY HILL,0,123,850,2011
5/23/2011,1,0,BU,,,,3,0,472,"Bristol, City of",,E06000023,946747,14,9,12,,N,13,1,,359779,174780,B4052,South of Briavals Grove,0,South West,ASHLEY HILL,0,87,577,2011
5/23/2011,3,0,BU,,,,7,1,301,"Bristol, City of",,E06000023,946747,15,10,5,,N,11,1,,359779,174780,B4052,South of Briavals Grove,0,South West,ASHLEY HILL,0,91,415,2011
5/23/2011,3,0,BU,,,,3,0,380,"Bristol, City of",,E06000023,946747,9,11,4,,N,6,0,,359779,174780,B4052,South of Briavals Grove,0,South West,ASHLEY HILL,0,98,490,2011
5/23/2011,2,0,BU,,,,3,1,379,"Bristol, City of",,E06000023,946747,11,12,4,,N,8,2,,359779,174780,B4052,South of Briavals Grove,0,South West,ASHLEY HILL,0,31,426,2011
5/23/2011,3,0,BU,,,,6,2,428,"Bristol, City of",,E06000023,946747,19,13,2,,N,14,0,,359779,174780,B4052,South of Briavals Grove,0,South West,ASHLEY HILL,0,55,508,2011
5/23/2011,1,0,BU,,,,6,0,393,"Bristol, City of",,E06000023,946747,7,14,6,,N,5,1,,359779,174780,B4052,South of Briavals Grove,0,South West,ASHLEY HILL,1,62,469,2011
5/23/2011,0,0,BU,,,,0,1,384,"Bristol, City of",,E06000023,946747,5,15,5,,N,4,4,,359779,174780,B4052,South of Briavals Grove,0,South West,ASHLEY HILL,0,38,431,2011
5/23/2011,0,0,BU,,,,4,0,327,"Bristol, City of",,E06000023,946747,2,16,8,,N,2,4,,359779,174780,B4052,South of Briavals Grove,0,South West,ASHLEY HILL,0,36,373,2011
5/23/2011,0,0,BU,,,,5,0,402,"Bristol, City of",,E06000023,946747,2,17,9,,N,2,1,,359779,174780,B4052,South of Briavals Grove,0,South West,ASHLEY HILL,0,36,446,2011
5/23/2011,0,0,BU,,,,4,0,529,"Bristol, City of",,E06000023,946747,5,18,14,,N,5,0,,359779,174780,B4052,South of Briavals Grove,0,South West,ASHLEY HILL,0,35,573,2011
5/23/2011,1,0,BU,,,,17,0,685,"Bristol, City of",,E06000023,946747,4,7,19,,S,3,4,,359779,174780,B4052,South of Briavals Grove,0,South West,ASHLEY HILL,0,76,786,2011
5/23/2011,1,0,BU,,,,7,0,898,"Bristol, City of",,E06000023,946747,4,8,28,,S,3,8,,359779,174780,B4052,South of Briavals Grove,0,South West,ASHLEY HILL,0,91,1008,2011
5/23/2011,5,0,BU,,,,3,1,501,"Bristol, City of",,E06000023,946747,10,9,14,,S,4,4,,359779,174780,B4052,South of Briavals Grove,0,South West,ASHLEY HILL,0,54,572,2011
5/23/2011,0,0,BU,,,,2,0,337,"Bristol, City of",,E06000023,946747,14,10,5,,S,14,0,,359779,174780,B4052,South of Briavals Grove,0,South West,ASHLEY HILL,0,85,438,2011
5/23/2011,2,0,BU,,,,4,1,434,"Bristol, City of",,E06000023,946747,20,11,8,,S,17,1,,359779,174780,B4052,South of Briavals Grove,0,South West,ASHLEY HILL,0,71,530,2011
5/23/2011,0,0,BU,,,,3,0,431,"Bristol, City of",,E06000023,946747,17,12,11,,S,17,1,,359779,174780,B4052,South of Briavals Grove,0,South West,ASHLEY HILL,0,63,515,2011
5/23/2011,1,0,BU,,,,4,0,421,"Bristol, City of",,E06000023,946747,5,13,7,,S,4,0,,359779,174780,B4052,South of Briavals Grove,0,South West,ASHLEY HILL,0,82,512,2011
5/23/2011,0,0,BU,,,,5,0,376,"Bristol, City of",,E06000023,946747,4,14,6,,S,4,1,,359779,174780,B4052,South of Briavals Grove,0,South West,ASHLEY HILL,0,79,465,2011
5/23/2011,2,0,BU,,,,3,0,482,"Bristol, City of",,E06000023,946747,16,15,9,,S,14,1,,359779,174780,B4052,South of Briavals Grove,0,South West,ASHLEY HILL,0,96,598,2011
5/23/2011,0,0,BU,,,,13,0,589,"Bristol, City of",,E06000023,946747,10,16,13,,S,10,2,,359779,174780,B4052,South of Briavals Grove,0,South West,ASHLEY HILL,0,127,741,2011
5/23/2011,0,0,BU,,,,6,0,645,"Bristol, City of",,E06000023,946747,10,17,16,,S,10,0,,359779,174780,B4052,South of Briavals Grove,0,South West,ASHLEY HILL,0,99,760,2011
5/23/2011,0,0,BU,,,,5,0,473,"Bristol, City of",,E06000023,946747,3,18,14,,S,3,1,,359779,174780,B4052,South of Briavals Grove,0,South West,ASHLEY HILL,0,31,513,2011
5/23/2011,0,0,BR,,,,1,1,54,South Gloucestershire,,E06000025,947491,2,7,0,,N,1,0,,380927,180939,B4039,"north of Littleton Drew Lane, Acton Turville",0,South West,The Street,0,6,63,2011
5/23/2011,0,0,BR,,,,0,0,62,South Gloucestershire,,E06000025,947491,0,8,1,,N,0,0,,380927,180939,B4039,"north of Littleton Drew Lane, Acton Turville",0,South West,The Street,0,11,73,2011
5/23/2011,0,0,BR,,,,0,0,36,South Gloucestershire,,E06000025,947491,1,9,0,,N,1,0,,380927,180939,B4039,"north of Littleton Drew Lane, Acton Turville",0,South West,The Street,0,8,45,2011
5/23/2011,0,0,BR,,,,0,0,35,South Gloucestershire,,E06000025,947491,0,10,0,,N,0,0,,380927,180939,B4039,"north of Littleton Drew Lane, Acton Turville",0,South West,The Street,0,7,42,2011
5/23/2011,0,0,BR,,,,0,1,41,South Gloucestershire,,E06000025,947491,3,11,0,,N,2,0,,380927,180939,B4039,"north of Littleton Drew Lane, Acton Turville",0,South West,The Street,0,7,51,2011
5/23/2011,0,0,BR,,,,0,0,29,South Gloucestershire,,E06000025,947491,0,12,0,,N,0,0,,380927,180939,B4039,"north of Littleton Drew Lane, Acton Turville",0,South West,The Street,0,10,39,2011
5/23/2011,0,0,BR,,,,0,0,41,South Gloucestershire,,E06000025,947491,0,13,0,,N,0,0,,380927,180939,B4039,"north of Littleton Drew Lane, Acton Turville",0,South West,The Street,0,14,55,2011
5/23/2011,0,0,BR,,,,0,0,38,South Gloucestershire,,E06000025,947491,0,14,0,,N,0,0,,380927,180939,B4039,"north of Littleton Drew Lane, Acton Turville",0,South West,The Street,0,3,41,2011
5/23/2011,0,0,BR,,,,0,0,46,South Gloucestershire,,E06000025,947491,1,15,1,,N,1,0,,380927,180939,B4039,"north of Littleton Drew Lane, Acton Turville",0,South West,The Street,0,3,50,2011
5/23/2011,0,0,BR,,,,0,0,75,South Gloucestershire,,E06000025,947491,0,16,1,,N,0,0,,380927,180939,B4039,"north of Littleton Drew Lane, Acton Turville",0,South West,The Street,0,9,84,2011
5/23/2011,0,0,BR,,,,5,0,114,South Gloucestershire,,E06000025,947491,0,17,0,,N,0,0,,380927,180939,B4039,"north of Littleton Drew Lane, Acton Turville",0,South West,The Street,0,18,137,2011
5/23/2011,0,0,BR,,,,1,0,88,South Gloucestershire,,E06000025,947491,0,18,1,,N,0,0,,380927,180939,B4039,"north of Littleton Drew Lane, Acton Turville",0,South West,The Street,0,4,93,2011
5/23/2011,0,0,BR,,,,1,0,106,South Gloucestershire,,E06000025,947491,1,7,0,,S,1,1,,380927,180939,B4039,"north of Littleton Drew Lane, Acton Turville",0,South West,The Street,0,9,118,2011
5/23/2011,0,0,BR,,,,1,0,109,South Gloucestershire,,E06000025,947491,1,8,1,,S,1,0,,380927,180939,B4039,"north of Littleton Drew Lane, Acton Turville",0,South West,The Street,0,8,119,2011
5/23/2011,0,0,BR,,,,0,0,65,South Gloucestershire,,E06000025,947491,2,9,0,,S,2,0,,380927,180939,B4039,"north of Littleton Drew Lane, Acton Turville",0,South West,The Street,0,10,77,2011
5/23/2011,0,0,BR,,,,0,0,35,South Gloucestershire,,E06000025,947491,1,10,2,,S,1,0,,380927,180939,B4039,"north of Littleton Drew Lane, Acton Turville",0,South West,The Street,0,7,43,2011
5/23/2011,0,0,BR,,,,0,0,34,South Gloucestershire,,E06000025,947491,2,11,0,,S,2,0,,380927,180939,B4039,"north of Littleton Drew Lane, Acton Turville",0,South West,The Street,0,9,45,2011
5/23/2011,0,0,BR,,,,0,1,36,South Gloucestershire,,E06000025,947491,1,12,0,,S,0,0,,380927,180939,B4039,"north of Littleton Drew Lane, Acton Turville",0,South West,The Street,0,4,41,2011
5/23/2011,1,0,BR,,,,0,0,45,South Gloucestershire,,E06000025,947491,2,13,0,,S,1,0,,380927,180939,B4039,"north of Littleton Drew Lane, Acton Turville",0,South West,The Street,0,8,55,2011
5/23/2011,1,0,BR,,,,1,0,41,South Gloucestershire,,E06000025,947491,1,14,0,,S,0,0,,380927,180939,B4039,"north of Littleton Drew Lane, Acton Turville",0,South West,The Street,0,15,58,2011
5/23/2011,0,0,BR,,,,0,0,31,South Gloucestershire,,E06000025,947491,1,15,0,,S,1,1,,380927,180939,B4039,"north of Littleton Drew Lane, Acton Turville",0,South West,The Street,0,9,42,2011
5/23/2011,0,0,BR,,,,1,0,36,South Gloucestershire,,E06000025,947491,0,16,1,,S,0,1,,380927,180939,B4039,"north of Littleton Drew Lane, Acton Turville",0,South West,The Street,0,14,52,2011
5/23/2011,0,0,BR,,,,2,0,93,South Gloucestershire,,E06000025,947491,0,17,0,,S,0,0,,380927,180939,B4039,"north of Littleton Drew Lane, Acton Turville",0,South West,The Street,0,9,104,2011
5/23/2011,0,0,BR,,,,0,0,69,South Gloucestershire,,E06000025,947491,0,18,0,,S,0,0,,380927,180939,B4039,"north of Littleton Drew Lane, Acton Turville",0,South West,The Street,0,8,77,2011
5/26/2011,20,19,TM,179550,357747,354850,11,11,2582,South Gloucestershire,181250,E06000025,16020,262,7,0,Junction 17 M5,N,82,3,LA Boundary,355000,179700,M5,,31,South West,,99,456,3314,2011
5/26/2011,27,24,TM,179550,357747,354850,38,25,2989,South Gloucestershire,181250,E06000025,16020,403,8,0,Junction 17 M5,N,161,19,LA Boundary,355000,179700,M5,,69,South West,,97,535,3984,2011
5/26/2011,13,27,TM,179550,357747,354850,14,21,2486,South Gloucestershire,181250,E06000025,16020,313,9,0,Junction 17 M5,N,76,13,LA Boundary,355000,179700,M5,,67,South West,,109,513,3339,2011
5/26/2011,40,13,TM,179550,357747,354850,10,31,2046,South Gloucestershire,181250,E06000025,16020,421,10,0,Junction 17 M5,N,132,6,LA Boundary,355000,179700,M5,,157,South West,,48,355,2838,2011
5/26/2011,15,33,TM,179550,357747,354850,9,13,2237,South Gloucestershire,181250,E06000025,16020,323,11,0,Junction 17 M5,N,87,6,LA Boundary,355000,179700,M5,,67,South West,,108,453,3028,2011
5/26/2011,25,23,TM,179550,357747,354850,5,22,2261,South Gloucestershire,181250,E06000025,16020,379,12,0,Junction 17 M5,N,118,8,LA Boundary,355000,179700,M5,,54,South West,,137,390,3043,2011
5/26/2011,27,30,TM,179550,357747,354850,14,17,2273,South Gloucestershire,181250,E06000025,16020,355,13,0,Junction 17 M5,N,83,9,LA Boundary,355000,179700,M5,,63,South West,,135,463,3114,2011
5/26/2011,21,11,TM,179550,357747,354850,8,34,2216,South Gloucestershire,181250,E06000025,16020,427,14,0,Junction 17 M5,N,159,14,LA Boundary,355000,179700,M5,,159,South West,,43,411,3076,2011
5/26/2011,18,35,TM,179550,357747,354850,14,10,2303,South Gloucestershire,181250,E06000025,16020,347,15,0,Junction 17 M5,N,88,10,LA Boundary,355000,179700,M5,,84,South West,,112,585,3259,2011
5/26/2011,14,16,TM,179550,357747,354850,10,6,2889,South Gloucestershire,181250,E06000025,16020,332,16,0,Junction 17 M5,N,112,5,LA Boundary,355000,179700,M5,,84,South West,,100,478,3714,2011
5/26/2011,8,35,TM,179550,357747,354850,34,0,2983,South Gloucestershire,181250,E06000025,16020,284,17,0,Junction 17 M5,N,64,11,LA Boundary,355000,179700,M5,,72,South West,,105,502,3814,2011
5/26/2011,14,11,TM,179550,357747,354850,18,16,2359,South Gloucestershire,181250,E06000025,16020,293,18,0,Junction 17 M5,N,67,9,LA Boundary,355000,179700,M5,,122,South West,,63,246,2925,2011
5/26/2011,21,15,TM,179550,357747,354850,1,24,2342,South Gloucestershire,181250,E06000025,16020,351,7,0,Junction 17 M5,S,89,1,LA Boundary,355000,179700,M5,,87,South West,,115,479,3174,2011
5/26/2011,27,15,TM,179550,357747,354850,10,24,2413,South Gloucestershire,181250,E06000025,16020,384,8,0,Junction 17 M5,S,102,5,LA Boundary,355000,179700,M5,,110,South West,,106,469,3281,2011
5/26/2011,31,13,TM,179550,357747,354850,6,17,2006,South Gloucestershire,181250,E06000025,16020,373,9,0,Junction 17 M5,S,104,7,LA Boundary,355000,179700,M5,,135,South West,,73,371,2763,2011
5/26/2011,27,17,TM,179550,357747,354850,5,11,1782,South Gloucestershire,181250,E06000025,16020,350,10,0,Junction 17 M5,S,86,16,LA Boundary,355000,179700,M5,,108,South West,,101,355,2508,2011
5/26/2011,23,16,TM,179550,357747,354850,4,26,2125,South Gloucestershire,181250,E06000025,16020,341,11,0,Junction 17 M5,S,98,6,LA Boundary,355000,179700,M5,,64,South West,,114,322,2798,2011
5/26/2011,30,27,TM,179550,357747,354850,6,24,2299,South Gloucestershire,181250,E06000025,16020,393,12,0,Junction 17 M5,S,111,6,LA Boundary,355000,179700,M5,,101,South West,,100,350,3054,2011
5/26/2011,23,14,TM,179550,357747,354850,22,14,2393,South Gloucestershire,181250,E06000025,16020,339,13,0,Junction 17 M5,S,78,17,LA Boundary,355000,179700,M5,,82,South West,,128,396,3167,2011
5/26/2011,39,30,TM,179550,357747,354850,8,14,2530,South Gloucestershire,181250,E06000025,16020,373,14,0,Junction 17 M5,S,98,12,LA Boundary,355000,179700,M5,,97,South West,,95,400,3323,2011
5/26/2011,28,16,TM,179550,357747,354850,1,25,2994,South Gloucestershire,181250,E06000025,16020,352,15,0,Junction 17 M5,S,113,6,LA Boundary,355000,179700,M5,,84,South West,,86,457,3810,2011
5/26/2011,18,20,TM,179550,357747,354850,18,15,3787,South Gloucestershire,181250,E06000025,16020,315,16,0,Junction 17 M5,S,112,4,LA Boundary,355000,179700,M5,,89,South West,,61,546,4670,2011
5/26/2011,12,11,TM,179550,357747,354850,12,2,4448,South Gloucestershire,181250,E06000025,16020,232,17,0,Junction 17 M5,S,61,9,LA Boundary,355000,179700,M5,,77,South West,,69,392,5093,2011
5/26/2011,7,6,TM,179550,357747,354850,20,2,3541,South Gloucestershire,181250,E06000025,16020,173,18,0,Junction 17 M5,S,50,9,LA Boundary,355000,179700,M5,,61,South West,,47,285,4028,2011
5/26/2011,2,1,PU,161120,331800,331800,2,0,195,North Somerset,161230,E06000024,70101,7,7,2,Oxford St,N,4,7,Carlton street,331800,161170,A370,,0,South West,,0,25,236,2011
5/26/2011,1,0,PU,161120,331800,331800,3,1,387,North Somerset,161230,E06000024,70101,9,8,2,Oxford St,N,7,16,Carlton street,331800,161170,A370,,0,South West,,0,45,460,2011
5/26/2011,0,2,PU,161120,331800,331800,1,0,296,North Somerset,161230,E06000024,70101,17,9,0,Oxford St,N,15,20,Carlton street,331800,161170,A370,,0,South West,,0,55,389,2011
5/26/2011,2,0,PU,161120,331800,331800,0,0,358,North Somerset,161230,E06000024,70101,10,10,0,Oxford St,N,8,12,Carlton street,331800,161170,A370,,0,South West,,0,54,434,2011
5/26/2011,1,0,PU,161120,331800,331800,3,0,381,North Somerset,161230,E06000024,70101,8,11,2,Oxford St,N,7,15,Carlton street,331800,161170,A370,,0,South West,,0,53,460,2011
5/26/2011,0,0,PU,161120,331800,331800,2,0,398,North Somerset,161230,E06000024,70101,7,12,0,Oxford St,N,7,16,Carlton street,331800,161170,A370,,0,South West,,0,59,482,2011
5/26/2011,1,2,PU,161120,331800,331800,1,0,372,North Somerset,161230,E06000024,70101,7,13,0,Oxford St,N,4,11,Carlton street,331800,161170,A370,,0,South West,,0,36,427,2011
5/26/2011,0,1,PU,161120,331800,331800,2,0,434,North Somerset,161230,E06000024,70101,6,14,9,Oxford St,N,5,14,Carlton street,331800,161170,A370,,0,South West,,0,53,509,2011
5/26/2011,0,1,PU,161120,331800,331800,2,0,411,North Somerset,161230,E06000024,70101,8,15,4,Oxford St,N,7,13,Carlton street,331800,161170,A370,,0,South West,,0,67,501,2011
5/26/2011,0,0,PU,161120,331800,331800,5,0,401,North Somerset,161230,E06000024,70101,5,16,1,Oxford St,N,5,15,Carlton street,331800,161170,A370,,0,South West,,0,47,473,2011
5/26/2011,0,0,PU,161120,331800,331800,4,0,419,North Somerset,161230,E06000024,70101,0,17,10,Oxford St,N,0,11,Carlton street,331800,161170,A370,,0,South West,,0,50,484,2011
5/26/2011,0,0,PU,161120,331800,331800,10,0,261,North Somerset,161230,E06000024,70101,0,18,0,Oxford St,N,0,7,Carlton street,331800,161170,A370,,0,South West,,0,17,295,2011
5/26/2011,2,0,PU,161120,331800,331800,1,0,135,North Somerset,161230,E06000024,70101,15,7,1,Oxford St,S,13,9,Carlton street,331800,161170,A370,,0,South West,,0,30,190,2011
5/26/2011,0,2,PU,161120,331800,331800,1,0,324,North Somerset,161230,E06000024,70101,7,8,3,Oxford St,S,5,11,Carlton street,331800,161170,A370,,0,South West,,0,61,404,2011
5/26/2011,1,0,PU,161120,331800,331800,2,1,394,North Somerset,161230,E06000024,70101,7,9,3,Oxford St,S,5,20,Carlton street,331800,161170,A370,,0,South West,,0,74,497,2011
5/26/2011,1,0,PU,161120,331800,331800,1,0,392,North Somerset,161230,E06000024,70101,5,10,0,Oxford St,S,4,13,Carlton street,331800,161170,A370,,0,South West,,0,40,451,2011
5/26/2011,0,0,PU,161120,331800,331800,3,1,428,North Somerset,161230,E06000024,70101,11,11,9,Oxford St,S,10,14,Carlton street,331800,161170,A370,,0,South West,,0,46,502,2011
5/26/2011,0,2,PU,161120,331800,331800,2,0,433,North Somerset,161230,E06000024,70101,11,12,5,Oxford St,S,9,11,Carlton street,331800,161170,A370,,0,South West,,0,43,500,2011
5/26/2011,0,3,PU,161120,331800,331800,0,0,408,North Somerset,161230,E06000024,70101,8,13,4,Oxford St,S,5,14,Carlton street,331800,161170,A370,,0,South West,,0,47,477,2011
5/26/2011,0,0,PU,161120,331800,331800,1,0,380,North Somerset,161230,E06000024,70101,7,14,2,Oxford St,S,7,21,Carlton street,331800,161170,A370,,0,South West,,0,55,464,2011
5/26/2011,0,0,PU,161120,331800,331800,2,0,409,North Somerset,161230,E06000024,70101,1,15,5,Oxford St,S,1,21,Carlton street,331800,161170,A370,,0,South West,,0,52,485,2011
5/26/2011,0,0,PU,161120,331800,331800,6,0,374,North Somerset,161230,E06000024,70101,2,16,0,Oxford St,S,1,18,Carlton street,331800,161170,A370,,1,South West,,0,58,458,2011
5/26/2011,0,0,PU,161120,331800,331800,2,0,447,North Somerset,161230,E06000024,70101,2,17,2,Oxford St,S,2,13,Carlton street,331800,161170,A370,,0,South West,,0,66,530,2011
5/26/2011,0,0,PU,161120,331800,331800,7,0,349,North Somerset,161230,E06000024,70101,2,18,3,Oxford St,S,2,7,Carlton street,331800,161170,A370,,0,South West,,0,30,395,2011
5/27/2011,1,0,PU,164300,375010,375000,12,0,401,Bath and North East Somerset,164380,E06000022,48359,7,7,13,Broad Quay,N,5,33,A36/A3064 roundabout,375005,164350,A367,,1,South West,,0,88,541,2011
5/27/2011,1,0,PU,164300,375010,375000,20,2,595,Bath and North East Somerset,164380,E06000022,48359,7,8,25,Broad Quay,N,4,40,A36/A3064 roundabout,375005,164350,A367,,0,South West,,0,75,737,2011
5/27/2011,4,1,PU,164300,375010,375000,13,0,605,Bath and North East Somerset,164380,E06000022,48359,11,9,12,Broad Quay,N,6,36,A36/A3064 roundabout,375005,164350,A367,,0,South West,,0,77,742,2011
5/27/2011,4,0,PU,164300,375010,375000,17,1,524,Bath and North East Somerset,164380,E06000022,48359,11,10,14,Broad Quay,N,6,31,A36/A3064 roundabout,375005,164350,A367,,0,South West,,0,78,661,2011
5/27/2011,5,0,PU,164300,375010,375000,7,1,521,Bath and North East Somerset,164380,E06000022,48359,8,11,11,Broad Quay,N,2,39,A36/A3064 roundabout,375005,164350,A367,,0,South West,,0,80,655,2011
5/27/2011,3,0,PU,164300,375010,375000,11,1,560,Bath and North East Somerset,164380,E06000022,48359,18,12,11,Broad Quay,N,14,38,A36/A3064 roundabout,375005,164350,A367,,0,South West,,0,72,699,2011
5/27/2011,4,0,PU,164300,375010,375000,9,0,498,Bath and North East Somerset,164380,E06000022,48359,17,13,14,Broad Quay,N,13,33,A36/A3064 roundabout,375005,164350,A367,,0,South West,,0,68,625,2011
5/27/2011,0,0,PU,164300,375010,375000,10,2,443,Bath and North East Somerset,164380,E06000022,48359,3,14,9,Broad Quay,N,1,32,A36/A3064 roundabout,375005,164350,A367,,0,South West,,0,59,547,2011
5/27/2011,0,0,PU,164300,375010,375000,5,1,535,Bath and North East Somerset,164380,E06000022,48359,3,15,22,Broad Quay,N,2,30,A36/A3064 roundabout,375005,164350,A367,,0,South West,,0,56,629,2011
5/27/2011,0,0,PU,164300,375010,375000,9,0,566,Bath and North East Somerset,164380,E06000022,48359,0,16,18,Broad Quay,N,0,30,A36/A3064 roundabout,375005,164350,A367,,0,South West,,0,41,646,2011
5/27/2011,2,0,PU,164300,375010,375000,7,0,626,Bath and North East Somerset,164380,E06000022,48359,5,17,19,Broad Quay,N,2,33,A36/A3064 roundabout,375005,164350,A367,,1,South West,,0,38,709,2011
5/27/2011,0,0,PU,164300,375010,375000,8,0,591,Bath and North East Somerset,164380,E06000022,48359,0,18,7,Broad Quay,N,0,28,A36/A3064 roundabout,375005,164350,A367,,0,South West,,0,27,654,2011
5/27/2011,6,1,PU,164300,375010,375000,1,1,191,Bath and North East Somerset,164380,E06000022,48359,19,7,4,Broad Quay,S,10,21,A36/A3064 roundabout,375005,164350,A367,,0,South West,,1,45,277,2011
5/27/2011,0,0,PU,164300,375010,375000,3,0,367,Bath and North East Somerset,164380,E06000022,48359,9,8,12,Broad Quay,S,9,34,A36/A3064 roundabout,375005,164350,A367,,0,South West,,0,52,465,2011
5/27/2011,3,0,PU,164300,375010,375000,5,0,258,Bath and North East Somerset,164380,E06000022,48359,15,9,5,Broad Quay,S,12,31,A36/A3064 roundabout,375005,164350,A367,,0,South West,,0,62,371,2011
5/27/2011,2,0,PU,164300,375010,375000,7,0,298,Bath and North East Somerset,164380,E06000022,48359,8,10,8,Broad Quay,S,5,26,A36/A3064 roundabout,375005,164350,A367,,1,South West,,0,64,403,2011
5/27/2011,3,0,PU,164300,375010,375000,3,0,356,Bath and North East Somerset,164380,E06000022,48359,10,11,6,Broad Quay,S,7,28,A36/A3064 roundabout,375005,164350,A367,,0,South West,,0,57,454,2011
5/27/2011,2,0,PU,164300,375010,375000,6,0,380,Bath and North East Somerset,164380,E06000022,48359,15,12,6,Broad Quay,S,13,29,A36/A3064 roundabout,375005,164350,A367,,0,South West,,0,59,489,2011
5/27/2011,1,0,PU,164300,375010,375000,8,0,476,Bath and North East Somerset,164380,E06000022,48359,4,13,5,Broad Quay,S,3,30,A36/A3064 roundabout,375005,164350,A367,,0,South West,,0,62,580,2011
5/27/2011,0,0,PU,164300,375010,375000,17,0,515,Bath and North East Somerset,164380,E06000022,48359,11,14,7,Broad Quay,S,11,35,A36/A3064 roundabout,375005,164350,A367,,0,South West,,0,63,641,2011
5/27/2011,0,0,PU,164300,375010,375000,8,0,560,Bath and North East Somerset,164380,E06000022,48359,3,15,12,Broad Quay,S,3,33,A36/A3064 roundabout,375005,164350,A367,,0,South West,,0,55,659,2011
5/27/2011,0,0,PU,164300,375010,375000,13,0,551,Bath and North East Somerset,164380,E06000022,48359,3,16,10,Broad Quay,S,3,33,A36/A3064 roundabout,375005,164350,A367,,0,South West,,0,29,629,2011
5/27/2011,0,0,PU,164300,375010,375000,18,0,542,Bath and North East Somerset,164380,E06000022,48359,1,17,11,Broad Quay,S,1,33,A36/A3064 roundabout,375005,164350,A367,,0,South West,,0,41,635,2011
5/27/2011,0,0,PU,164300,375010,375000,13,0,530,Bath and North East Somerset,164380,E06000022,48359,3,18,13,Broad Quay,S,3,31,A36/A3064 roundabout,375005,164350,A367,,0,South West,,0,20,597,2011
5/27/2011,0,0,UU,,,,0,0,25,South Gloucestershire,,E06000025,947543,0,7,1,,N,0,1,,361069,181754,U,"west of Stoke Lane, Little Stoke",0,South West,STOKEMEAD,0,5,31,2011
5/27/2011,0,0,UU,,,,0,0,38,South Gloucestershire,,E06000025,947543,1,8,1,,N,1,1,,361069,181754,U,"west of Stoke Lane, Little Stoke",0,South West,STOKEMEAD,0,10,50,2011
5/27/2011,0,0,UU,,,,1,0,24,South Gloucestershire,,E06000025,947543,1,9,1,,N,1,0,,361069,181754,U,"west of Stoke Lane, Little Stoke",0,South West,STOKEMEAD,0,2,28,2011
5/27/2011,0,0,UU,,,,1,0,17,South Gloucestershire,,E06000025,947543,0,10,0,,N,0,0,,361069,181754,U,"west of Stoke Lane, Little Stoke",0,South West,STOKEMEAD,0,2,20,2011
5/27/2011,0,0,UU,,,,0,0,30,South Gloucestershire,,E06000025,947543,0,11,1,,N,0,1,,361069,181754,U,"west of Stoke Lane, Little Stoke",0,South West,STOKEMEAD,0,4,35,2011
5/27/2011,0,0,UU,,,,0,0,29,South Gloucestershire,,E06000025,947543,0,12,0,,N,0,0,,361069,181754,U,"west of Stoke Lane, Little Stoke",0,South West,STOKEMEAD,0,2,31,2011
5/27/2011,1,0,UU,,,,0,0,28,South Gloucestershire,,E06000025,947543,1,13,0,,N,0,0,,361069,181754,U,"west of Stoke Lane, Little Stoke",0,South West,STOKEMEAD,0,1,30,2011
5/27/2011,0,0,UU,,,,0,0,29,South Gloucestershire,,E06000025,947543,1,14,2,,N,1,0,,361069,181754,U,"west of Stoke Lane, Little Stoke",0,South West,STOKEMEAD,0,4,34,2011
5/27/2011,0,0,UU,,,,0,0,34,South Gloucestershire,,E06000025,947543,0,15,5,,N,0,1,,361069,181754,U,"west of Stoke Lane, Little Stoke",0,South West,STOKEMEAD,0,4,39,2011
5/27/2011,0,0,UU,,,,0,0,38,South Gloucestershire,,E06000025,947543,0,16,6,,N,0,1,,361069,181754,U,"west of Stoke Lane, Little Stoke",0,South West,STOKEMEAD,0,4,43,2011
5/27/2011,0,0,UU,,,,0,0,40,South Gloucestershire,,E06000025,947543,0,17,1,,N,0,0,,361069,181754,U,"west of Stoke Lane, Little Stoke",0,South West,STOKEMEAD,0,5,45,2011
5/27/2011,0,0,UU,,,,0,0,26,South Gloucestershire,,E06000025,947543,0,18,0,,N,0,0,,361069,181754,U,"west of Stoke Lane, Little Stoke",0,South West,STOKEMEAD,0,1,27,2011
5/27/2011,0,0,UU,,,,0,0,23,South Gloucestershire,,E06000025,947543,0,7,2,,S,0,0,,361069,181754,U,"west of Stoke Lane, Little Stoke",0,South West,STOKEMEAD,0,1,24,2011
5/27/2011,0,0,UU,,,,1,0,30,South Gloucestershire,,E06000025,947543,0,8,2,,S,0,1,,361069,181754,U,"west of Stoke Lane, Little Stoke",0,South West,STOKEMEAD,0,2,34,2011
5/27/2011,0,0,UU,,,,0,0,38,South Gloucestershire,,E06000025,947543,1,9,1,,S,1,0,,361069,181754,U,"west of Stoke Lane, Little Stoke",0,South West,STOKEMEAD,0,2,41,2011
5/27/2011,0,0,UU,,,,1,0,21,South Gloucestershire,,E06000025,947543,0,10,1,,S,0,0,,361069,181754,U,"west of Stoke Lane, Little Stoke",0,South West,STOKEMEAD,0,2,24,2011
5/27/2011,0,0,UU,,,,1,0,30,South Gloucestershire,,E06000025,947543,0,11,3,,S,0,0,,361069,181754,U,"west of Stoke Lane, Little Stoke",0,South West,STOKEMEAD,0,3,34,2011
5/27/2011,0,0,UU,,,,0,0,29,South Gloucestershire,,E06000025,947543,0,12,0,,S,0,0,,361069,181754,U,"west of Stoke Lane, Little Stoke",0,South West,STOKEMEAD,0,4,33,2011
5/27/2011,0,0,UU,,,,0,0,25,South Gloucestershire,,E06000025,947543,0,13,1,,S,0,0,,361069,181754,U,"west of Stoke Lane, Little Stoke",0,South West,STOKEMEAD,0,3,28,2011
5/27/2011,0,0,UU,,,,0,0,23,South Gloucestershire,,E06000025,947543,1,14,4,,S,1,0,,361069,181754,U,"west of Stoke Lane, Little Stoke",0,South West,STOKEMEAD,0,4,28,2011
5/27/2011,0,0,UU,,,,0,0,39,South Gloucestershire,,E06000025,947543,0,15,5,,S,0,2,,361069,181754,U,"west of Stoke Lane, Little Stoke",0,South West,STOKEMEAD,0,2,43,2011
5/27/2011,0,0,UU,,,,0,0,33,South Gloucestershire,,E06000025,947543,0,16,6,,S,0,1,,361069,181754,U,"west of Stoke Lane, Little Stoke",0,South West,STOKEMEAD,0,6,40,2011
5/27/2011,0,0,UU,,,,0,0,27,South Gloucestershire,,E06000025,947543,0,17,0,,S,0,0,,361069,181754,U,"west of Stoke Lane, Little Stoke",0,South West,STOKEMEAD,0,3,30,2011
5/27/2011,0,0,UU,,,,0,0,20,South Gloucestershire,,E06000025,947543,0,18,2,,S,0,0,,361069,181754,U,"west of Stoke Lane, Little Stoke",0,South West,STOKEMEAD,0,1,21,2011
5/9/2011,3,1,PR,168269,370150,366519,19,2,731,Bath and North East Somerset,165330,E06000022,26127,25,7,3,A39,N,9,9,B3116,370000,165500,A4,,4,South West,,6,122,906,2011
5/9/2011,4,2,PR,168269,370150,366519,32,3,689,Bath and North East Somerset,165330,E06000022,26127,42,8,5,A39,N,25,11,B3116,370000,165500,A4,,2,South West,,6,94,868,2011
5/9/2011,6,1,PR,168269,370150,366519,15,2,602,Bath and North East Somerset,165330,E06000022,26127,40,9,2,A39,N,22,17,B3116,370000,165500,A4,,4,South West,,5,93,767,2011
5/9/2011,3,1,PR,168269,370150,366519,6,1,534,Bath and North East Somerset,165330,E06000022,26127,48,10,0,A39,N,28,18,B3116,370000,165500,A4,,5,South West,,10,125,731,2011
5/9/2011,8,0,PR,168269,370150,366519,1,6,567,Bath and North East Somerset,165330,E06000022,26127,57,11,0,A39,N,39,12,B3116,370000,165500,A4,,1,South West,,3,107,744,2011
5/9/2011,4,0,PR,168269,370150,366519,7,3,526,Bath and North East Somerset,165330,E06000022,26127,54,12,1,A39,N,37,9,B3116,370000,165500,A4,,3,South West,,7,96,692,2011
5/9/2011,4,3,PR,168269,370150,366519,5,1,553,Bath and North East Somerset,165330,E06000022,26127,44,13,0,A39,N,31,9,B3116,370000,165500,A4,,1,South West,,4,130,741,2011
5/9/2011,7,0,PR,168269,370150,366519,4,3,546,Bath and North East Somerset,165330,E06000022,26127,53,14,4,A39,N,33,6,B3116,370000,165500,A4,,7,South West,,3,152,761,2011
5/9/2011,7,0,PR,168269,370150,366519,11,6,665,Bath and North East Somerset,165330,E06000022,26127,55,15,2,A39,N,36,18,B3116,370000,165500,A4,,3,South West,,3,166,915,2011
5/9/2011,2,2,PR,168269,370150,366519,18,1,780,Bath and North East Somerset,165330,E06000022,26127,40,16,5,A39,N,26,11,B3116,370000,165500,A4,,5,South West,,4,177,1026,2011
5/9/2011,2,1,PR,168269,370150,366519,23,2,890,Bath and North East Somerset,165330,E06000022,26127,26,17,8,A39,N,15,11,B3116,370000,165500,A4,,3,South West,,3,70,1020,2011
5/9/2011,1,0,PR,168269,370150,366519,16,0,668,Bath and North East Somerset,165330,E06000022,26127,12,18,3,A39,N,9,10,B3116,370000,165500,A4,,0,South West,,2,60,766,2011
5/9/2011,3,0,PR,168269,370150,366519,14,2,795,Bath and North East Somerset,165330,E06000022,26127,47,7,5,A39,S,35,8,B3116,370000,165500,A4,,2,South West,,5,244,1108,2011
5/9/2011,5,0,PR,168269,370150,366519,27,3,853,Bath and North East Somerset,165330,E06000022,26127,70,8,17,A39,S,56,13,B3116,370000,165500,A4,,3,South West,,3,114,1077,2011
5/9/2011,6,1,PR,168269,370150,366519,4,6,588,Bath and North East Somerset,165330,E06000022,26127,60,9,1,A39,S,37,10,B3116,370000,165500,A4,,7,South West,,3,119,781,2011
5/9/2011,3,1,PR,168269,370150,366519,7,4,498,Bath and North East Somerset,165330,E06000022,26127,51,10,2,A39,S,29,9,B3116,370000,165500,A4,,7,South West,,7,139,704,2011
5/9/2011,3,1,PR,168269,370150,366519,5,2,477,Bath and North East Somerset,165330,E06000022,26127,26,11,1,A39,S,12,8,B3116,370000,165500,A4,,3,South West,,5,138,654,2011
5/9/2011,2,1,PR,168269,370150,366519,4,3,542,Bath and North East Somerset,165330,E06000022,26127,35,12,0,A39,S,24,8,B3116,370000,165500,A4,,1,South West,,4,100,689,2011
5/9/2011,8,1,PR,168269,370150,366519,11,4,574,Bath and North East Somerset,165330,E06000022,26127,42,13,1,A39,S,18,9,B3116,370000,165500,A4,,6,South West,,5,117,753,2011
5/9/2011,5,0,PR,168269,370150,366519,6,6,599,Bath and North East Somerset,165330,E06000022,26127,39,14,1,A39,S,24,16,B3116,370000,165500,A4,,2,South West,,2,87,747,2011
5/9/2011,2,1,PR,168269,370150,366519,9,2,593,Bath and North East Somerset,165330,E06000022,26127,35,15,3,A39,S,24,11,B3116,370000,165500,A4,,1,South West,,5,65,713,2011
5/9/2011,1,0,PR,168269,370150,366519,19,1,709,Bath and North East Somerset,165330,E06000022,26127,16,16,5,A39,S,11,10,B3116,370000,165500,A4,,1,South West,,2,123,877,2011
5/9/2011,1,0,PR,168269,370150,366519,31,0,772,Bath and North East Somerset,165330,E06000022,26127,9,17,3,A39,S,6,7,B3116,370000,165500,A4,,1,South West,,1,69,888,2011
5/9/2011,0,3,PR,168269,370150,366519,19,0,792,Bath and North East Somerset,165330,E06000022,26127,9,18,4,A39,S,4,8,B3116,370000,165500,A4,,0,South West,,2,46,874,2011
5/9/2011,4,0,PU,178978,363490,360131,21,4,868,South Gloucestershire,178640,E06000025,37768,16,7,21,M32,E,7,3,A38,363000,178700,A4174,,1,South West,,0,75,983,2011
5/9/2011,8,0,PU,178978,363490,360131,23,8,764,South Gloucestershire,178640,E06000025,37768,29,8,17,M32,E,10,5,A38,363000,178700,A4174,,1,South West,,2,73,894,2011
5/9/2011,6,2,PU,178978,363490,360131,6,11,537,South Gloucestershire,178640,E06000025,37768,41,9,6,M32,E,17,17,A38,363000,178700,A4174,,1,South West,,4,95,696,2011
5/9/2011,2,4,PU,178978,363490,360131,7,2,532,South Gloucestershire,178640,E06000025,37768,26,10,2,M32,E,13,7,A38,363000,178700,A4174,,2,South West,,3,93,665,2011
5/9/2011,5,0,PU,178978,363490,360131,12,7,649,South Gloucestershire,178640,E06000025,37768,46,11,2,M32,E,31,5,A38,363000,178700,A4174,,1,South West,,2,68,780,2011
5/9/2011,6,0,PU,178978,363490,360131,16,8,742,South Gloucestershire,178640,E06000025,37768,39,12,5,M32,E,25,6,A38,363000,178700,A4174,,0,South West,,0,58,861,2011
5/9/2011,2,2,PU,178978,363490,360131,9,10,848,South Gloucestershire,178640,E06000025,37768,22,13,1,M32,E,7,3,A38,363000,178700,A4174,,1,South West,,0,67,949,2011
5/9/2011,1,2,PU,178978,363490,360131,6,10,873,South Gloucestershire,178640,E06000025,37768,19,14,2,M32,E,6,2,A38,363000,178700,A4174,,0,South West,,0,107,1007,2011
5/9/2011,2,0,PU,178978,363490,360131,7,15,1499,South Gloucestershire,178640,E06000025,37768,25,15,7,M32,E,6,8,A38,363000,178700,A4174,,1,South West,,1,152,1691,2011
5/9/2011,0,1,PU,178978,363490,360131,47,2,2001,South Gloucestershire,178640,E06000025,37768,7,16,28,M32,E,2,11,A38,363000,178700,A4174,,0,South West,,2,145,2211,2011
5/9/2011,0,0,PU,178978,363490,360131,41,0,1824,South Gloucestershire,178640,E06000025,37768,1,17,35,M32,E,1,3,A38,363000,178700,A4174,,0,South West,,0,35,1904,2011
5/9/2011,0,2,PU,178978,363490,360131,14,0,1466,South Gloucestershire,178640,E06000025,37768,4,18,20,M32,E,2,3,A38,363000,178700,A4174,,0,South West,,0,46,1533,2011
5/9/2011,2,1,PU,178978,363490,360131,39,2,1724,South Gloucestershire,178640,E06000025,37768,10,7,31,M32,W,5,2,A38,363000,178700,A4174,,0,South West,,0,83,1858,2011
5/9/2011,3,0,PU,178978,363490,360131,25,0,1611,South Gloucestershire,178640,E06000025,37768,28,8,25,M32,W,22,13,A38,363000,178700,A4174,,2,South West,,1,74,1751,2011
5/9/2011,2,0,PU,178978,363490,360131,7,7,1089,South Gloucestershire,178640,E06000025,37768,32,9,15,M32,W,19,6,A38,363000,178700,A4174,,3,South West,,1,109,1243,2011
5/9/2011,5,3,PU,178978,363490,360131,7,3,645,South Gloucestershire,178640,E06000025,37768,30,10,0,M32,W,12,1,A38,363000,178700,A4174,,1,South West,,6,87,770,2011
5/9/2011,2,1,PU,178978,363490,360131,6,3,589,South Gloucestershire,178640,E06000025,37768,20,11,4,M32,W,13,0,A38,363000,178700,A4174,,0,South West,,1,86,701,2011
5/9/2011,6,0,PU,178978,363490,360131,26,5,623,South Gloucestershire,178640,E06000025,37768,24,12,2,M32,W,11,4,A38,363000,178700,A4174,,1,South West,,1,100,777,2011
5/9/2011,3,3,PU,178978,363490,360131,10,4,748,South Gloucestershire,178640,E06000025,37768,16,13,4,M32,W,6,5,A38,363000,178700,A4174,,0,South West,,0,96,875,2011
5/9/2011,1,0,PU,178978,363490,360131,10,8,633,South Gloucestershire,178640,E06000025,37768,26,14,5,M32,W,15,5,A38,363000,178700,A4174,,0,South West,,2,78,752,2011
5/9/2011,1,0,PU,178978,363490,360131,11,12,562,South Gloucestershire,178640,E06000025,37768,22,15,8,M32,W,7,5,A38,363000,178700,A4174,,1,South West,,1,74,674,2011
5/9/2011,0,0,PU,178978,363490,360131,19,3,532,South Gloucestershire,178640,E06000025,37768,4,16,12,M32,W,1,0,A38,363000,178700,A4174,,0,South West,,0,76,631,2011
5/9/2011,0,0,PU,178978,363490,360131,21,0,664,South Gloucestershire,178640,E06000025,37768,3,17,28,M32,W,3,2,A38,363000,178700,A4174,,0,South West,,0,76,766,2011
5/9/2011,0,0,PU,178978,363490,360131,16,0,701,South Gloucestershire,178640,E06000025,37768,7,18,14,M32,W,4,5,A38,363000,178700,A4174,,2,South West,,1,48,777,2011
5/9/2011,0,0,CR,,,,0,0,1,Bath and North East Somerset,,E06000022,946675,0,7,0,,E,0,0,,372710,169217,C,Langridge (north of Bath),0,South West,Lanridge Lane,0,2,3,2011
5/9/2011,0,0,CR,,,,0,0,8,Bath and North East Somerset,,E06000022,946675,0,8,0,,E,0,0,,372710,169217,C,Langridge (north of Bath),0,South West,Lanridge Lane,0,1,9,2011
5/9/2011,0,0,CR,,,,0,0,5,Bath and North East Somerset,,E06000022,946675,0,9,0,,E,0,0,,372710,169217,C,Langridge (north of Bath),0,South West,Lanridge Lane,0,1,6,2011
5/9/2011,0,0,CR,,,,0,0,2,Bath and North East Somerset,,E06000022,946675,1,10,0,,E,1,0,,372710,169217,C,Langridge (north of Bath),0,South West,Lanridge Lane,0,0,3,2011
5/9/2011,0,0,CR,,,,0,0,5,Bath and North East Somerset,,E06000022,946675,1,11,0,,E,1,0,,372710,169217,C,Langridge (north of Bath),0,South West,Lanridge Lane,0,2,8,2011
5/9/2011,0,0,CR,,,,0,0,5,Bath and North East Somerset,,E06000022,946675,0,12,0,,E,0,0,,372710,169217,C,Langridge (north of Bath),0,South West,Lanridge Lane,0,1,6,2011
5/9/2011,0,0,CR,,,,0,0,6,Bath and North East Somerset,,E06000022,946675,0,13,0,,E,0,0,,372710,169217,C,Langridge (north of Bath),0,South West,Lanridge Lane,0,1,7,2011
5/9/2011,0,0,CR,,,,0,0,6,Bath and North East Somerset,,E06000022,946675,0,14,0,,E,0,0,,372710,169217,C,Langridge (north of Bath),0,South West,Lanridge Lane,0,2,8,2011
5/9/2011,0,0,CR,,,,0,0,7,Bath and North East Somerset,,E06000022,946675,0,15,0,,E,0,0,,372710,169217,C,Langridge (north of Bath),0,South West,Lanridge Lane,0,1,8,2011
5/9/2011,0,0,CR,,,,0,0,15,Bath and North East Somerset,,E06000022,946675,0,16,0,,E,0,0,,372710,169217,C,Langridge (north of Bath),0,South West,Lanridge Lane,0,2,17,2011
5/9/2011,0,0,CR,,,,0,0,11,Bath and North East Somerset,,E06000022,946675,0,17,0,,E,0,0,,372710,169217,C,Langridge (north of Bath),0,South West,Lanridge Lane,0,2,13,2011
5/9/2011,0,0,CR,,,,0,0,6,Bath and North East Somerset,,E06000022,946675,0,18,0,,E,0,0,,372710,169217,C,Langridge (north of Bath),0,South West,Lanridge Lane,0,1,7,2011
5/9/2011,0,0,CR,,,,0,0,5,Bath and North East Somerset,,E06000022,946675,0,7,2,,W,0,0,,372710,169217,C,Langridge (north of Bath),0,South West,Lanridge Lane,0,0,5,2011
5/9/2011,0,0,CR,,,,0,0,16,Bath and North East Somerset,,E06000022,946675,0,8,0,,W,0,0,,372710,169217,C,Langridge (north of Bath),0,South West,Lanridge Lane,0,2,18,2011
5/9/2011,0,0,CR,,,,0,0,15,Bath and North East Somerset,,E06000022,946675,0,9,0,,W,0,0,,372710,169217,C,Langridge (north of Bath),0,South West,Lanridge Lane,0,2,17,2011
5/9/2011,0,0,CR,,,,0,0,4,Bath and North East Somerset,,E06000022,946675,0,10,2,,W,0,0,,372710,169217,C,Langridge (north of Bath),0,South West,Lanridge Lane,0,3,7,2011
5/9/2011,0,0,CR,,,,0,0,7,Bath and North East Somerset,,E06000022,946675,1,11,0,,W,1,0,,372710,169217,C,Langridge (north of Bath),0,South West,Lanridge Lane,0,4,12,2011
5/9/2011,0,0,CR,,,,0,0,4,Bath and North East Somerset,,E06000022,946675,0,12,0,,W,0,0,,372710,169217,C,Langridge (north of Bath),0,South West,Lanridge Lane,0,0,4,2011
5/9/2011,0,0,CR,,,,0,0,7,Bath and North East Somerset,,E06000022,946675,0,13,0,,W,0,0,,372710,169217,C,Langridge (north of Bath),0,South West,Lanridge Lane,0,1,8,2011
5/9/2011,0,0,CR,,,,0,0,8,Bath and North East Somerset,,E06000022,946675,0,14,0,,W,0,0,,372710,169217,C,Langridge (north of Bath),0,South West,Lanridge Lane,0,0,8,2011
5/9/2011,0,0,CR,,,,0,0,7,Bath and North East Somerset,,E06000022,946675,0,15,0,,W,0,0,,372710,169217,C,Langridge (north of Bath),0,South West,Lanridge Lane,0,1,8,2011
5/9/2011,0,0,CR,,,,0,0,4,Bath and North East Somerset,,E06000022,946675,0,16,0,,W,0,0,,372710,169217,C,Langridge (north of Bath),0,South West,Lanridge Lane,0,1,5,2011
5/9/2011,0,0,CR,,,,0,0,8,Bath and North East Somerset,,E06000022,946675,0,17,0,,W,0,0,,372710,169217,C,Langridge (north of Bath),0,South West,Lanridge Lane,0,3,11,2011
5/9/2011,0,0,CR,,,,0,0,2,Bath and North East Somerset,,E06000022,946675,0,18,1,,W,0,0,,372710,169217,C,Langridge (north of Bath),0,South West,Lanridge Lane,0,0,2,2011
5/9/2011,0,0,UU,,,,0,0,26,North Somerset,,E06000024,947289,0,7,0,,N,0,0,,344231,175649,U,Portishead,0,South West,HILLCREST ROAD,0,3,29,2011
5/9/2011,0,0,UU,,,,0,0,36,North Somerset,,E06000024,947289,0,8,0,,N,0,0,,344231,175649,U,Portishead,0,South West,HILLCREST ROAD,0,7,43,2011
5/9/2011,0,0,UU,,,,0,0,21,North Somerset,,E06000024,947289,0,9,0,,N,0,0,,344231,175649,U,Portishead,0,South West,HILLCREST ROAD,0,6,27,2011
5/9/2011,0,0,UU,,,,0,0,21,North Somerset,,E06000024,947289,0,10,0,,N,0,0,,344231,175649,U,Portishead,0,South West,HILLCREST ROAD,0,5,26,2011
5/9/2011,0,0,UU,,,,0,0,11,North Somerset,,E06000024,947289,1,11,1,,N,1,0,,344231,175649,U,Portishead,0,South West,HILLCREST ROAD,0,3,15,2011
5/9/2011,0,0,UU,,,,0,0,25,North Somerset,,E06000024,947289,0,12,0,,N,0,0,,344231,175649,U,Portishead,0,South West,HILLCREST ROAD,0,1,26,2011
5/9/2011,0,0,UU,,,,0,0,20,North Somerset,,E06000024,947289,1,13,0,,N,1,0,,344231,175649,U,Portishead,0,South West,HILLCREST ROAD,0,4,25,2011
5/9/2011,0,0,UU,,,,0,0,18,North Somerset,,E06000024,947289,0,14,1,,N,0,0,,344231,175649,U,Portishead,0,South West,HILLCREST ROAD,0,2,20,2011
5/9/2011,0,0,UU,,,,0,0,47,North Somerset,,E06000024,947289,0,15,0,,N,0,0,,344231,175649,U,Portishead,0,South West,HILLCREST ROAD,0,2,49,2011
5/9/2011,0,0,UU,,,,0,0,23,North Somerset,,E06000024,947289,0,16,0,,N,0,0,,344231,175649,U,Portishead,0,South West,HILLCREST ROAD,0,5,28,2011
5/9/2011,0,0,UU,,,,0,0,31,North Somerset,,E06000024,947289,0,17,1,,N,0,0,,344231,175649,U,Portishead,0,South West,HILLCREST ROAD,0,0,31,2011
5/9/2011,0,0,UU,,,,1,0,36,North Somerset,,E06000024,947289,0,18,0,,N,0,0,,344231,175649,U,Portishead,0,South West,HILLCREST ROAD,0,3,40,2011
5/9/2011,0,0,UU,,,,0,0,35,North Somerset,,E06000024,947289,0,7,0,,S,0,0,,344231,175649,U,Portishead,0,South West,HILLCREST ROAD,0,4,39,2011
5/9/2011,0,0,UU,,,,0,0,47,North Somerset,,E06000024,947289,0,8,0,,S,0,0,,344231,175649,U,Portishead,0,South West,HILLCREST ROAD,0,7,54,2011
5/9/2011,0,0,UU,,,,0,0,25,North Somerset,,E06000024,947289,0,9,0,,S,0,1,,344231,175649,U,Portishead,0,South West,HILLCREST ROAD,0,2,28,2011
5/9/2011,0,0,UU,,,,0,0,23,North Somerset,,E06000024,947289,0,10,0,,S,0,0,,344231,175649,U,Portishead,0,South West,HILLCREST ROAD,0,4,27,2011
5/9/2011,0,0,UU,,,,0,0,22,North Somerset,,E06000024,947289,0,11,0,,S,0,0,,344231,175649,U,Portishead,0,South West,HILLCREST ROAD,0,4,26,2011
5/9/2011,0,0,UU,,,,0,0,16,North Somerset,,E06000024,947289,0,12,0,,S,0,0,,344231,175649,U,Portishead,0,South West,HILLCREST ROAD,0,5,21,2011
5/9/2011,0,0,UU,,,,0,0,25,North Somerset,,E06000024,947289,1,13,0,,S,1,0,,344231,175649,U,Portishead,0,South West,HILLCREST ROAD,0,3,29,2011
5/9/2011,0,0,UU,,,,0,0,14,North Somerset,,E06000024,947289,0,14,0,,S,0,0,,344231,175649,U,Portishead,0,South West,HILLCREST ROAD,0,1,15,2011
5/9/2011,0,0,UU,,,,1,0,42,North Somerset,,E06000024,947289,0,15,0,,S,0,0,,344231,175649,U,Portishead,0,South West,HILLCREST ROAD,0,2,45,2011
5/9/2011,0,0,UU,,,,0,0,21,North Somerset,,E06000024,947289,0,16,1,,S,0,0,,344231,175649,U,Portishead,0,South West,HILLCREST ROAD,0,5,26,2011
5/9/2011,0,0,UU,,,,0,0,28,North Somerset,,E06000024,947289,0,17,0,,S,0,0,,344231,175649,U,Portishead,0,South West,HILLCREST ROAD,0,3,31,2011
5/9/2011,0,0,UU,,,,1,0,29,North Somerset,,E06000024,947289,0,18,2,,S,0,0,,344231,175649,U,Portishead,0,South West,HILLCREST ROAD,0,1,31,2011
5/18/2011,8,1,PR,174740,366590,366580,34,12,1334,South Gloucestershire,173540,E06000025,77051,80,7,0,A420,N,47,14,Station Road Link,366590,174400,A4174,,5,South West,,7,247,1709,2011
5/18/2011,8,5,PR,174740,366590,366580,26,4,1402,South Gloucestershire,173540,E06000025,77051,76,8,0,A420,N,46,13,Station Road Link,366590,174400,A4174,,5,South West,,8,232,1749,2011
5/18/2011,4,6,PR,174740,366590,366580,22,14,994,South Gloucestershire,173540,E06000025,77051,79,9,0,A420,N,34,13,Station Road Link,366590,174400,A4174,,6,South West,,15,197,1305,2011
5/18/2011,7,0,PR,174740,366590,366580,17,6,802,South Gloucestershire,173540,E06000025,77051,71,10,0,A420,N,39,6,Station Road Link,366590,174400,A4174,,9,South West,,10,155,1051,2011
5/18/2011,20,0,PR,174740,366590,366580,12,6,816,South Gloucestershire,173540,E06000025,77051,98,11,0,A420,N,58,8,Station Road Link,366590,174400,A4174,,6,South West,,8,161,1095,2011
5/18/2011,7,1,PR,174740,366590,366580,10,5,858,South Gloucestershire,173540,E06000025,77051,57,12,0,A420,N,30,2,Station Road Link,366590,174400,A4174,,2,South West,,12,168,1095,2011
5/18/2011,6,0,PR,174740,366590,366580,16,12,870,South Gloucestershire,173540,E06000025,77051,66,13,0,A420,N,39,2,Station Road Link,366590,174400,A4174,,4,South West,,5,158,1112,2011
5/18/2011,23,0,PR,174740,366590,366580,13,5,900,South Gloucestershire,173540,E06000025,77051,106,14,0,A420,N,55,7,Station Road Link,366590,174400,A4174,,12,South West,,11,159,1185,2011
5/18/2011,9,5,PR,174740,366590,366580,8,6,963,South Gloucestershire,173540,E06000025,77051,80,15,0,A420,N,41,7,Station Road Link,366590,174400,A4174,,11,South West,,8,235,1293,2011
5/18/2011,4,0,PR,174740,366590,366580,12,7,1194,South Gloucestershire,173540,E06000025,77051,56,16,3,A420,N,27,5,Station Road Link,366590,174400,A4174,,6,South West,,12,219,1486,2011
5/18/2011,0,0,PR,174740,366590,366580,16,2,1421,South Gloucestershire,173540,E06000025,77051,32,17,1,A420,N,17,2,Station Road Link,366590,174400,A4174,,4,South West,,9,201,1672,2011
5/18/2011,0,2,PR,174740,366590,366580,13,1,1202,South Gloucestershire,173540,E06000025,77051,19,18,1,A420,N,9,6,Station Road Link,366590,174400,A4174,,2,South West,,5,131,1371,2011
5/18/2011,7,4,PR,174740,366590,366580,22,9,972,South Gloucestershire,173540,E06000025,77051,77,7,0,A420,S,49,6,Station Road Link,366590,174400,A4174,,3,South West,,5,312,1389,2011
5/18/2011,11,4,PR,174740,366590,366580,17,7,1160,South Gloucestershire,173540,E06000025,77051,91,8,0,A420,S,53,8,Station Road Link,366590,174400,A4174,,10,South West,,6,250,1526,2011
5/18/2011,8,7,PR,174740,366590,366580,12,11,658,South Gloucestershire,173540,E06000025,77051,72,9,0,A420,S,32,5,Station Road Link,366590,174400,A4174,,8,South West,,6,169,916,2011
5/18/2011,11,5,PR,174740,366590,366580,16,11,795,South Gloucestershire,173540,E06000025,77051,106,10,1,A420,S,65,4,Station Road Link,366590,174400,A4174,,6,South West,,8,126,1047,2011
5/18/2011,12,6,PR,174740,366590,366580,11,6,699,South Gloucestershire,173540,E06000025,77051,85,11,0,A420,S,41,4,Station Road Link,366590,174400,A4174,,13,South West,,7,161,960,2011
5/18/2011,6,3,PR,174740,366590,366580,9,10,811,South Gloucestershire,173540,E06000025,77051,64,12,0,A420,S,31,2,Station Road Link,366590,174400,A4174,,8,South West,,6,136,1022,2011
5/18/2011,13,1,PR,174740,366590,366580,11,9,775,South Gloucestershire,173540,E06000025,77051,88,13,0,A420,S,48,5,Station Road Link,366590,174400,A4174,,6,South West,,11,114,993,2011
5/18/2011,10,5,PR,174740,366590,366580,13,14,1059,South Gloucestershire,173540,E06000025,77051,97,14,0,A420,S,36,4,Station Road Link,366590,174400,A4174,,13,South West,,19,198,1371,2011
5/18/2011,20,5,PR,174740,366590,366580,19,5,1265,South Gloucestershire,173540,E06000025,77051,71,15,2,A420,S,24,12,Station Road Link,366590,174400,A4174,,6,South West,,11,241,1608,2011
5/18/2011,5,5,PR,174740,366590,366580,34,3,1521,South Gloucestershire,173540,E06000025,77051,51,16,0,A420,S,27,2,Station Road Link,366590,174400,A4174,,5,South West,,6,183,1791,2011
5/18/2011,2,3,PR,174740,366590,366580,35,4,1607,South Gloucestershire,173540,E06000025,77051,25,17,2,A420,S,7,2,Station Road Link,366590,174400,A4174,,5,South West,,4,136,1805,2011
5/18/2011,2,0,PR,174740,366590,366580,24,0,1384,South Gloucestershire,173540,E06000025,77051,12,18,0,A420,S,4,3,Station Road Link,366590,174400,A4174,,3,South West,,3,148,1571,2011
5/18/2011,1,0,BR,,,,15,0,982,North Somerset,,E06000024,947245,9,7,3,,E,8,3,,349910,172450,B3128,Wraxall,0,South West,CLEVEDON ROAD,0,86,1095,2011
5/18/2011,0,0,BR,,,,19,0,608,North Somerset,,E06000024,947245,4,8,2,,E,4,3,,349910,172450,B3128,Wraxall,0,South West,CLEVEDON ROAD,0,22,656,2011
5/18/2011,1,0,BR,,,,3,0,486,North Somerset,,E06000024,947245,3,9,0,,E,2,2,,349910,172450,B3128,Wraxall,0,South West,CLEVEDON ROAD,0,48,542,2011
5/18/2011,1,0,BR,,,,1,0,288,North Somerset,,E06000024,947245,6,10,0,,E,5,3,,349910,172450,B3128,Wraxall,0,South West,CLEVEDON ROAD,0,50,348,2011
5/18/2011,1,0,BR,,,,1,1,261,North Somerset,,E06000024,947245,4,11,0,,E,2,3,,349910,172450,B3128,Wraxall,0,South West,CLEVEDON ROAD,0,29,298,2011
5/18/2011,0,1,BR,,,,0,0,254,North Somerset,,E06000024,947245,1,12,0,,E,0,1,,349910,172450,B3128,Wraxall,0,South West,CLEVEDON ROAD,0,47,303,2011
5/18/2011,2,0,BR,,,,3,0,277,North Somerset,,E06000024,947245,13,13,0,,E,10,4,,349910,172450,B3128,Wraxall,0,South West,CLEVEDON ROAD,1,35,332,2011
5/18/2011,0,0,BR,,,,2,1,198,North Somerset,,E06000024,947245,4,14,1,,E,2,3,,349910,172450,B3128,Wraxall,1,South West,CLEVEDON ROAD,0,41,248,2011
5/18/2011,0,0,BR,,,,0,0,312,North Somerset,,E06000024,947245,4,15,0,,E,4,2,,349910,172450,B3128,Wraxall,0,South West,CLEVEDON ROAD,0,62,380,2011
5/18/2011,0,0,BR,,,,4,0,324,North Somerset,,E06000024,947245,3,16,0,,E,2,4,,349910,172450,B3128,Wraxall,1,South West,CLEVEDON ROAD,0,59,394,2011
5/18/2011,0,0,BR,,,,3,0,325,North Somerset,,E06000024,947245,3,17,3,,E,2,4,,349910,172450,B3128,Wraxall,0,South West,CLEVEDON ROAD,1,22,357,2011
5/18/2011,0,0,BR,,,,4,0,338,North Somerset,,E06000024,947245,0,18,8,,E,0,1,,349910,172450,B3128,Wraxall,0,South West,CLEVEDON ROAD,0,23,366,2011
5/18/2011,1,0,BR,,,,1,0,254,North Somerset,,E06000024,947245,5,7,2,,W,4,0,,349910,172450,B3128,Wraxall,0,South West,CLEVEDON ROAD,0,52,312,2011
5/18/2011,0,1,BR,,,,5,0,442,North Somerset,,E06000024,947245,8,8,4,,W,7,4,,349910,172450,B3128,Wraxall,0,South West,CLEVEDON ROAD,0,69,528,2011
5/18/2011,0,0,BR,,,,1,0,188,North Somerset,,E06000024,947245,3,9,0,,W,3,4,,349910,172450,B3128,Wraxall,0,South West,CLEVEDON ROAD,0,50,246,2011
5/18/2011,3,0,BR,,,,0,0,196,North Somerset,,E06000024,947245,10,10,1,,W,7,1,,349910,172450,B3128,Wraxall,0,South West,CLEVEDON ROAD,0,50,257,2011
5/18/2011,0,0,BR,,,,0,0,176,North Somerset,,E06000024,947245,5,11,0,,W,5,3,,349910,172450,B3128,Wraxall,0,South West,CLEVEDON ROAD,0,24,208,2011
5/18/2011,0,0,BR,,,,3,0,296,North Somerset,,E06000024,947245,5,12,0,,W,5,1,,349910,172450,B3128,Wraxall,0,South West,CLEVEDON ROAD,0,50,355,2011
5/18/2011,0,0,BR,,,,0,0,335,North Somerset,,E06000024,947245,5,13,0,,W,3,2,,349910,172450,B3128,Wraxall,1,South West,CLEVEDON ROAD,1,52,394,2011
5/18/2011,1,1,BR,,,,3,0,399,North Somerset,,E06000024,947245,8,14,3,,W,5,4,,349910,172450,B3128,Wraxall,1,South West,CLEVEDON ROAD,0,48,462,2011
5/18/2011,0,0,BR,,,,4,0,495,North Somerset,,E06000024,947245,1,15,1,,W,1,3,,349910,172450,B3128,Wraxall,0,South West,CLEVEDON ROAD,0,70,573,2011
5/18/2011,0,1,BR,,,,12,0,737,North Somerset,,E06000024,947245,6,16,2,,W,3,5,,349910,172450,B3128,Wraxall,0,South West,CLEVEDON ROAD,2,66,826,2011
5/18/2011,0,0,BR,,,,11,0,917,North Somerset,,E06000024,947245,0,17,4,,W,0,2,,349910,172450,B3128,Wraxall,0,South West,CLEVEDON ROAD,0,68,998,2011
5/18/2011,0,0,BR,,,,13,0,702,North Somerset,,E06000024,947245,3,18,8,,W,3,3,,349910,172450,B3128,Wraxall,0,South West,CLEVEDON ROAD,0,45,766,2011
5/18/2011,0,0,CU,,,,1,0,33,South Gloucestershire,,E06000025,947510,0,7,0,,N,0,0,,358118,180024,C,"north of Charlton Lane, Brentry",0,South West,FISHPOOL HILL,0,3,37,2011
5/18/2011,0,0,CU,,,,0,0,18,South Gloucestershire,,E06000025,947510,0,8,0,,N,0,0,,358118,180024,C,"north of Charlton Lane, Brentry",0,South West,FISHPOOL HILL,0,1,19,2011
5/18/2011,0,0,CU,,,,0,0,12,South Gloucestershire,,E06000025,947510,0,9,0,,N,0,0,,358118,180024,C,"north of Charlton Lane, Brentry",0,South West,FISHPOOL HILL,0,1,13,2011
5/18/2011,0,0,CU,,,,1,0,10,South Gloucestershire,,E06000025,947510,0,10,0,,N,0,0,,358118,180024,C,"north of Charlton Lane, Brentry",0,South West,FISHPOOL HILL,0,3,14,2011
5/18/2011,0,0,CU,,,,0,0,11,South Gloucestershire,,E06000025,947510,1,11,0,,N,1,0,,358118,180024,C,"north of Charlton Lane, Brentry",0,South West,FISHPOOL HILL,0,1,13,2011
5/18/2011,0,0,CU,,,,0,0,7,South Gloucestershire,,E06000025,947510,0,12,0,,N,0,0,,358118,180024,C,"north of Charlton Lane, Brentry",0,South West,FISHPOOL HILL,0,3,10,2011
5/18/2011,0,0,CU,,,,0,0,11,South Gloucestershire,,E06000025,947510,1,13,0,,N,1,0,,358118,180024,C,"north of Charlton Lane, Brentry",0,South West,FISHPOOL HILL,0,3,15,2011
5/18/2011,0,0,CU,,,,0,0,5,South Gloucestershire,,E06000025,947510,0,14,1,,N,0,0,,358118,180024,C,"north of Charlton Lane, Brentry",0,South West,FISHPOOL HILL,0,1,6,2011
5/18/2011,1,0,CU,,,,0,0,8,South Gloucestershire,,E06000025,947510,1,15,0,,N,0,0,,358118,180024,C,"north of Charlton Lane, Brentry",0,South West,FISHPOOL HILL,0,3,12,2011
5/18/2011,0,0,CU,,,,1,0,13,South Gloucestershire,,E06000025,947510,0,16,0,,N,0,0,,358118,180024,C,"north of Charlton Lane, Brentry",0,South West,FISHPOOL HILL,0,2,16,2011
5/18/2011,0,0,CU,,,,0,0,5,South Gloucestershire,,E06000025,947510,0,17,1,,N,0,0,,358118,180024,C,"north of Charlton Lane, Brentry",0,South West,FISHPOOL HILL,0,0,5,2011
5/18/2011,0,0,CU,,,,0,0,22,South Gloucestershire,,E06000025,947510,0,18,0,,N,0,0,,358118,180024,C,"north of Charlton Lane, Brentry",0,South West,FISHPOOL HILL,0,1,23,2011
5/18/2011,0,0,CU,,,,0,0,4,South Gloucestershire,,E06000025,947510,0,7,1,,S,0,0,,358118,180024,C,"north of Charlton Lane, Brentry",0,South West,FISHPOOL HILL,0,2,6,2011
5/18/2011,0,0,CU,,,,0,0,4,South Gloucestershire,,E06000025,947510,0,8,1,,S,0,0,,358118,180024,C,"north of Charlton Lane, Brentry",0,South West,FISHPOOL HILL,0,5,9,2011
5/18/2011,0,0,CU,,,,0,0,10,South Gloucestershire,,E06000025,947510,0,9,0,,S,0,0,,358118,180024,C,"north of Charlton Lane, Brentry",0,South West,FISHPOOL HILL,0,0,10,2011
5/18/2011,0,0,CU,,,,1,0,11,South Gloucestershire,,E06000025,947510,1,10,0,,S,1,0,,358118,180024,C,"north of Charlton Lane, Brentry",0,South West,FISHPOOL HILL,0,3,16,2011
5/18/2011,0,0,CU,,,,0,0,5,South Gloucestershire,,E06000025,947510,0,11,0,,S,0,0,,358118,180024,C,"north of Charlton Lane, Brentry",0,South West,FISHPOOL HILL,0,0,5,2011
5/18/2011,0,0,CU,,,,0,0,13,South Gloucestershire,,E06000025,947510,0,12,0,,S,0,0,,358118,180024,C,"north of Charlton Lane, Brentry",0,South West,FISHPOOL HILL,0,6,19,2011
5/18/2011,0,0,CU,,,,0,0,14,South Gloucestershire,,E06000025,947510,2,13,0,,S,2,0,,358118,180024,C,"north of Charlton Lane, Brentry",0,South West,FISHPOOL HILL,0,1,17,2011
5/18/2011,0,0,CU,,,,0,0,3,South Gloucestershire,,E06000025,947510,0,14,0,,S,0,0,,358118,180024,C,"north of Charlton Lane, Brentry",0,South West,FISHPOOL HILL,0,0,3,2011
5/18/2011,1,0,CU,,,,1,0,10,South Gloucestershire,,E06000025,947510,1,15,0,,S,0,0,,358118,180024,C,"north of Charlton Lane, Brentry",0,South West,FISHPOOL HILL,0,1,13,2011
5/18/2011,0,0,CU,,,,0,0,23,South Gloucestershire,,E06000025,947510,0,16,1,,S,0,0,,358118,180024,C,"north of Charlton Lane, Brentry",0,South West,FISHPOOL HILL,0,0,23,2011
5/18/2011,0,0,CU,,,,0,0,17,South Gloucestershire,,E06000025,947510,0,17,0,,S,0,0,,358118,180024,C,"north of Charlton Lane, Brentry",0,South West,FISHPOOL HILL,0,3,20,2011
5/18/2011,0,0,CU,,,,0,0,22,South Gloucestershire,,E06000025,947510,0,18,0,,S,0,0,,358118,180024,C,"north of Charlton Lane, Brentry",0,South West,FISHPOOL HILL,0,1,23,2011
5/19/2011,0,0,PU,172014,359621,359017,5,2,403,"Bristol, City of",172220,E06000023,74492,9,7,9,A4,N,5,2,A38,359400,172050,A370,,2,South West,,0,5,424,2011
5/19/2011,1,2,PU,172014,359621,359017,7,5,384,"Bristol, City of",172220,E06000023,74492,27,8,45,A4,N,13,7,A38,359400,172050,A370,,4,South West,,2,13,438,2011
5/19/2011,2,1,PU,172014,359621,359017,4,3,300,"Bristol, City of",172220,E06000023,74492,25,9,18,A4,N,16,13,A38,359400,172050,A370,,1,South West,,2,16,358,2011
5/19/2011,6,1,PU,172014,359621,359017,2,7,301,"Bristol, City of",172220,E06000023,74492,30,10,11,A4,N,11,10,A38,359400,172050,A370,,1,South West,,4,11,354,2011
5/19/2011,6,0,PU,172014,359621,359017,7,1,326,"Bristol, City of",172220,E06000023,74492,35,11,15,A4,N,20,6,A38,359400,172050,A370,,3,South West,,5,20,394,2011
5/19/2011,14,0,PU,172014,359621,359017,4,2,347,"Bristol, City of",172220,E06000023,74492,50,12,4,A4,N,25,8,A38,359400,172050,A370,,5,South West,,4,25,434,2011
5/19/2011,3,0,PU,172014,359621,359017,4,2,363,"Bristol, City of",172220,E06000023,74492,11,13,8,A4,N,2,7,A38,359400,172050,A370,,1,South West,,3,2,387,2011
5/19/2011,3,0,PU,172014,359621,359017,4,8,419,"Bristol, City of",172220,E06000023,74492,34,14,7,A4,N,18,6,A38,359400,172050,A370,,4,South West,,1,18,481,2011
5/19/2011,6,1,PU,172014,359621,359017,6,4,349,"Bristol, City of",172220,E06000023,74492,56,15,15,A4,N,40,9,A38,359400,172050,A370,,3,South West,,2,40,460,2011
5/19/2011,2,1,PU,172014,359621,359017,15,1,454,"Bristol, City of",172220,E06000023,74492,25,16,28,A4,N,16,14,A38,359400,172050,A370,,1,South West,,4,16,524,2011
5/19/2011,1,0,PU,172014,359621,359017,15,0,471,"Bristol, City of",172220,E06000023,74492,16,17,42,A4,N,13,6,A38,359400,172050,A370,,0,South West,,2,13,521,2011
5/19/2011,0,0,PU,172014,359621,359017,9,0,412,"Bristol, City of",172220,E06000023,74492,9,18,25,A4,N,6,6,A38,359400,172050,A370,,3,South West,,0,6,442,2011
5/19/2011,5,0,PU,172014,359621,359017,9,2,402,"Bristol, City of",172220,E06000023,74492,29,7,31,A4,S,20,9,A38,359400,172050,A370,,1,South West,,1,20,469,2011
5/19/2011,1,0,PU,172014,359621,359017,9,2,332,"Bristol, City of",172220,E06000023,74492,19,8,34,A4,S,12,1,A38,359400,172050,A370,,3,South West,,1,12,373,2011
5/19/2011,3,0,PU,172014,359621,359017,2,6,168,"Bristol, City of",172220,E06000023,74492,66,9,11,A4,S,52,2,A38,359400,172050,A370,,3,South West,,2,52,290,2011
5/19/2011,5,0,PU,172014,359621,359017,2,0,184,"Bristol, City of",172220,E06000023,74492,18,10,2,A4,S,11,2,A38,359400,172050,A370,,2,South West,,0,11,217,2011
5/19/2011,1,0,PU,172014,359621,359017,1,5,201,"Bristol, City of",172220,E06000023,74492,18,11,11,A4,S,10,2,A38,359400,172050,A370,,2,South West,,0,10,232,2011
5/19/2011,2,0,PU,172014,359621,359017,4,1,178,"Bristol, City of",172220,E06000023,74492,11,12,9,A4,S,5,1,A38,359400,172050,A370,,2,South West,,1,5,199,2011
5/19/2011,3,2,PU,172014,359621,359017,10,1,182,"Bristol, City of",172220,E06000023,74492,25,13,8,A4,S,17,1,A38,359400,172050,A370,,0,South West,,2,17,235,2011
5/19/2011,3,1,PU,172014,359621,359017,4,0,189,"Bristol, City of",172220,E06000023,74492,13,14,12,A4,S,8,6,A38,359400,172050,A370,,0,South West,,1,8,220,2011
5/19/2011,1,0,PU,172014,359621,359017,4,1,221,"Bristol, City of",172220,E06000023,74492,18,15,16,A4,S,15,2,A38,359400,172050,A370,,0,South West,,1,15,260,2011
5/19/2011,0,0,PU,172014,359621,359017,11,1,261,"Bristol, City of",172220,E06000023,74492,8,16,19,A4,S,5,1,A38,359400,172050,A370,,2,South West,,0,5,286,2011
5/19/2011,0,0,PU,172014,359621,359017,6,0,281,"Bristol, City of",172220,E06000023,74492,2,17,37,A4,S,2,2,A38,359400,172050,A370,,0,South West,,0,2,293,2011
5/19/2011,0,0,PU,172014,359621,359017,7,0,261,"Bristol, City of",172220,E06000023,74492,3,18,30,A4,S,2,2,A38,359400,172050,A370,,1,South West,,0,2,275,2011
5/19/2011,0,0,CU,,,,2,0,16,Bath and North East Somerset,,E06000022,946670,0,7,2,,E,0,0,,370812,157772,C,"Peasedown st john, 100m west of Gordon road jcn",0,South West,ECKWEEK ROAD,0,2,20,2011
5/19/2011,0,0,CU,,,,0,0,30,Bath and North East Somerset,,E06000022,946670,0,8,0,,E,0,0,,370812,157772,C,"Peasedown st john, 100m west of Gordon road jcn",0,South West,ECKWEEK ROAD,0,5,35,2011
5/19/2011,0,0,CU,,,,0,0,25,Bath and North East Somerset,,E06000022,946670,0,9,0,,E,0,1,,370812,157772,C,"Peasedown st john, 100m west of Gordon road jcn",0,South West,ECKWEEK ROAD,0,1,27,2011
5/19/2011,0,0,CU,,,,0,0,23,Bath and North East Somerset,,E06000022,946670,0,10,0,,E,0,0,,370812,157772,C,"Peasedown st john, 100m west of Gordon road jcn",0,South West,ECKWEEK ROAD,0,2,25,2011
5/19/2011,0,0,CU,,,,0,0,25,Bath and North East Somerset,,E06000022,946670,0,11,0,,E,0,0,,370812,157772,C,"Peasedown st john, 100m west of Gordon road jcn",0,South West,ECKWEEK ROAD,0,3,28,2011
5/19/2011,0,0,CU,,,,0,0,28,Bath and North East Somerset,,E06000022,946670,0,12,0,,E,0,0,,370812,157772,C,"Peasedown st john, 100m west of Gordon road jcn",0,South West,ECKWEEK ROAD,0,5,33,2011
5/19/2011,0,0,CU,,,,0,0,18,Bath and North East Somerset,,E06000022,946670,0,13,0,,E,0,0,,370812,157772,C,"Peasedown st john, 100m west of Gordon road jcn",0,South West,ECKWEEK ROAD,0,2,20,2011
5/19/2011,0,0,CU,,,,0,0,30,Bath and North East Somerset,,E06000022,946670,0,14,0,,E,0,0,,370812,157772,C,"Peasedown st john, 100m west of Gordon road jcn",0,South West,ECKWEEK ROAD,0,0,30,2011
5/19/2011,0,0,CU,,,,0,0,26,Bath and North East Somerset,,E06000022,946670,0,15,0,,E,0,0,,370812,157772,C,"Peasedown st john, 100m west of Gordon road jcn",0,South West,ECKWEEK ROAD,0,2,28,2011
5/19/2011,0,0,CU,,,,0,0,25,Bath and North East Somerset,,E06000022,946670,0,16,1,,E,0,1,,370812,157772,C,"Peasedown st john, 100m west of Gordon road jcn",0,South West,ECKWEEK ROAD,0,7,33,2011
5/19/2011,0,0,CU,,,,0,0,40,Bath and North East Somerset,,E06000022,946670,0,17,0,,E,0,0,,370812,157772,C,"Peasedown st john, 100m west of Gordon road jcn",0,South West,ECKWEEK ROAD,0,2,42,2011
5/19/2011,0,0,CU,,,,1,0,30,Bath and North East Somerset,,E06000022,946670,0,18,1,,E,0,0,,370812,157772,C,"Peasedown st john, 100m west of Gordon road jcn",0,South West,ECKWEEK ROAD,0,4,35,2011
5/19/2011,0,0,CU,,,,1,0,19,Bath and North East Somerset,,E06000022,946670,0,7,2,,W,0,1,,370812,157772,C,"Peasedown st john, 100m west of Gordon road jcn",0,South West,ECKWEEK ROAD,0,0,21,2011
5/19/2011,0,0,CU,,,,0,0,49,Bath and North East Somerset,,E06000022,946670,0,8,0,,W,0,0,,370812,157772,C,"Peasedown st john, 100m west of Gordon road jcn",0,South West,ECKWEEK ROAD,0,3,52,2011
5/19/2011,0,0,CU,,,,0,0,26,Bath and North East Somerset,,E06000022,946670,0,9,0,,W,0,1,,370812,157772,C,"Peasedown st john, 100m west of Gordon road jcn",0,South West,ECKWEEK ROAD,0,2,29,2011
5/19/2011,0,0,CU,,,,0,0,27,Bath and North East Somerset,,E06000022,946670,0,10,0,,W,0,0,,370812,157772,C,"Peasedown st john, 100m west of Gordon road jcn",0,South West,ECKWEEK ROAD,0,2,29,2011
5/19/2011,0,0,CU,,,,0,0,17,Bath and North East Somerset,,E06000022,946670,0,11,0,,W,0,0,,370812,157772,C,"Peasedown st john, 100m west of Gordon road jcn",0,South West,ECKWEEK ROAD,0,4,21,2011
5/19/2011,0,0,CU,,,,0,0,15,Bath and North East Somerset,,E06000022,946670,0,12,0,,W,0,0,,370812,157772,C,"Peasedown st john, 100m west of Gordon road jcn",0,South West,ECKWEEK ROAD,0,3,18,2011
5/19/2011,0,0,CU,,,,0,0,21,Bath and North East Somerset,,E06000022,946670,0,13,0,,W,0,0,,370812,157772,C,"Peasedown st john, 100m west of Gordon road jcn",0,South West,ECKWEEK ROAD,0,1,22,2011
5/19/2011,0,0,CU,,,,0,0,23,Bath and North East Somerset,,E06000022,946670,0,14,0,,W,0,0,,370812,157772,C,"Peasedown st john, 100m west of Gordon road jcn",0,South West,ECKWEEK ROAD,0,0,23,2011
5/19/2011,0,0,CU,,,,0,0,16,Bath and North East Somerset,,E06000022,946670,0,15,0,,W,0,0,,370812,157772,C,"Peasedown st john, 100m west of Gordon road jcn",0,South West,ECKWEEK ROAD,0,8,24,2011
5/19/2011,0,0,CU,,,,1,0,19,Bath and North East Somerset,,E06000022,946670,0,16,0,,W,0,0,,370812,157772,C,"Peasedown st john, 100m west of Gordon road jcn",0,South West,ECKWEEK ROAD,0,2,22,2011
5/19/2011,0,0,CU,,,,0,0,36,Bath and North East Somerset,,E06000022,946670,0,17,0,,W,0,0,,370812,157772,C,"Peasedown st john, 100m west of Gordon road jcn",0,South West,ECKWEEK ROAD,0,0,36,2011
5/19/2011,0,0,CU,,,,0,0,22,Bath and North East Somerset,,E06000022,946670,0,18,0,,W,0,0,,370812,157772,C,"Peasedown st john, 100m west of Gordon road jcn",0,South West,ECKWEEK ROAD,0,2,24,2011
5/19/2011,0,0,CU,,,,3,0,190,"Bristol, City of",,E06000023,946760,1,7,27,,E,1,0,,358756,174504,C,East of Elmgrove Road,0,South West,REDLAND ROAD,0,13,207,2011
5/19/2011,0,0,CU,,,,6,0,236,"Bristol, City of",,E06000023,946760,1,8,36,,E,1,0,,358756,174504,C,East of Elmgrove Road,0,South West,REDLAND ROAD,0,16,259,2011
5/19/2011,0,0,CU,,,,0,0,122,"Bristol, City of",,E06000023,946760,0,9,32,,E,0,0,,358756,174504,C,East of Elmgrove Road,0,South West,REDLAND ROAD,0,7,129,2011
5/19/2011,0,0,CU,,,,1,0,89,"Bristol, City of",,E06000023,946760,1,10,8,,E,1,0,,358756,174504,C,East of Elmgrove Road,0,South West,REDLAND ROAD,0,21,112,2011
5/19/2011,0,0,CU,,,,0,0,90,"Bristol, City of",,E06000023,946760,0,11,5,,E,0,0,,358756,174504,C,East of Elmgrove Road,0,South West,REDLAND ROAD,0,16,106,2011
5/19/2011,0,0,CU,,,,3,0,88,"Bristol, City of",,E06000023,946760,0,12,6,,E,0,0,,358756,174504,C,East of Elmgrove Road,0,South West,REDLAND ROAD,0,19,110,2011
5/19/2011,0,0,CU,,,,3,0,87,"Bristol, City of",,E06000023,946760,3,13,10,,E,3,0,,358756,174504,C,East of Elmgrove Road,0,South West,REDLAND ROAD,0,18,111,2011
5/19/2011,0,0,CU,,,,1,0,87,"Bristol, City of",,E06000023,946760,2,14,9,,E,2,0,,358756,174504,C,East of Elmgrove Road,0,South West,REDLAND ROAD,0,12,102,2011
5/19/2011,0,0,CU,,,,1,0,148,"Bristol, City of",,E06000023,946760,3,15,13,,E,3,0,,358756,174504,C,East of Elmgrove Road,0,South West,REDLAND ROAD,0,24,176,2011
5/19/2011,0,0,CU,,,,1,0,114,"Bristol, City of",,E06000023,946760,0,16,19,,E,0,0,,358756,174504,C,East of Elmgrove Road,0,South West,REDLAND ROAD,0,23,138,2011
5/19/2011,0,0,CU,,,,3,0,139,"Bristol, City of",,E06000023,946760,0,17,15,,E,0,0,,358756,174504,C,East of Elmgrove Road,0,South West,REDLAND ROAD,0,11,153,2011
5/19/2011,0,0,CU,,,,0,0,140,"Bristol, City of",,E06000023,946760,0,18,18,,E,0,0,,358756,174504,C,East of Elmgrove Road,0,South West,REDLAND ROAD,0,8,148,2011
5/19/2011,0,0,CU,,,,0,0,52,"Bristol, City of",,E06000023,946760,0,7,14,,W,0,0,,358756,174504,C,East of Elmgrove Road,0,South West,REDLAND ROAD,0,9,61,2011
5/19/2011,0,0,CU,,,,6,0,77,"Bristol, City of",,E06000023,946760,0,8,30,,W,0,0,,358756,174504,C,East of Elmgrove Road,0,South West,REDLAND ROAD,0,15,98,2011
5/19/2011,0,0,CU,,,,1,0,84,"Bristol, City of",,E06000023,946760,1,9,18,,W,1,0,,358756,174504,C,East of Elmgrove Road,0,South West,REDLAND ROAD,0,17,103,2011
5/19/2011,0,0,CU,,,,0,0,57,"Bristol, City of",,E06000023,946760,3,10,5,,W,3,0,,358756,174504,C,East of Elmgrove Road,0,South West,REDLAND ROAD,0,13,73,2011
5/19/2011,0,0,CU,,,,0,0,51,"Bristol, City of",,E06000023,946760,0,11,3,,W,0,0,,358756,174504,C,East of Elmgrove Road,0,South West,REDLAND ROAD,0,11,62,2011
5/19/2011,0,0,CU,,,,0,0,51,"Bristol, City of",,E06000023,946760,0,12,11,,W,0,0,,358756,174504,C,East of Elmgrove Road,0,South West,REDLAND ROAD,0,15,66,2011
5/19/2011,0,0,CU,,,,3,0,65,"Bristol, City of",,E06000023,946760,0,13,11,,W,0,0,,358756,174504,C,East of Elmgrove Road,0,South West,REDLAND ROAD,0,6,74,2011
5/19/2011,0,0,CU,,,,1,0,57,"Bristol, City of",,E06000023,946760,3,14,12,,W,3,0,,358756,174504,C,East of Elmgrove Road,0,South West,REDLAND ROAD,0,12,73,2011
5/19/2011,0,0,CU,,,,1,0,88,"Bristol, City of",,E06000023,946760,1,15,16,,W,1,0,,358756,174504,C,East of Elmgrove Road,0,South West,REDLAND ROAD,0,7,97,2011
5/19/2011,0,0,CU,,,,1,0,87,"Bristol, City of",,E06000023,946760,0,16,23,,W,0,0,,358756,174504,C,East of Elmgrove Road,0,South West,REDLAND ROAD,0,10,98,2011
5/19/2011,0,0,CU,,,,1,0,128,"Bristol, City of",,E06000023,946760,0,17,38,,W,0,0,,358756,174504,C,East of Elmgrove Road,0,South West,REDLAND ROAD,0,7,136,2011
5/19/2011,0,0,CU,,,,1,0,110,"Bristol, City of",,E06000023,946760,0,18,39,,W,0,0,,358756,174504,C,East of Elmgrove Road,0,South West,REDLAND ROAD,0,5,116,2011
5/19/2011,0,0,UU,,,,1,0,22,"Bristol, City of",,E06000023,946767,0,7,5,,N,0,0,,356700,177176,U,East of Lyndhurst Road,0,South West,ABBEY ROAD,0,0,23,2011
5/19/2011,0,0,UU,,,,1,0,49,"Bristol, City of",,E06000023,946767,1,8,3,,N,1,0,,356700,177176,U,East of Lyndhurst Road,0,South West,ABBEY ROAD,0,0,51,2011
5/19/2011,1,0,UU,,,,0,0,45,"Bristol, City of",,E06000023,946767,1,9,0,,N,0,0,,356700,177176,U,East of Lyndhurst Road,0,South West,ABBEY ROAD,0,5,51,2011
5/19/2011,0,0,UU,,,,0,0,28,"Bristol, City of",,E06000023,946767,1,10,2,,N,1,0,,356700,177176,U,East of Lyndhurst Road,0,South West,ABBEY ROAD,0,0,29,2011
5/19/2011,0,0,UU,,,,0,0,32,"Bristol, City of",,E06000023,946767,0,11,0,,N,0,0,,356700,177176,U,East of Lyndhurst Road,0,South West,ABBEY ROAD,0,1,33,2011
5/19/2011,0,0,UU,,,,0,0,23,"Bristol, City of",,E06000023,946767,0,12,0,,N,0,0,,356700,177176,U,East of Lyndhurst Road,0,South West,ABBEY ROAD,0,5,28,2011
5/19/2011,3,0,UU,,,,0,0,26,"Bristol, City of",,E06000023,946767,3,13,0,,N,0,0,,356700,177176,U,East of Lyndhurst Road,0,South West,ABBEY ROAD,0,2,31,2011
5/19/2011,0,0,UU,,,,1,0,25,"Bristol, City of",,E06000023,946767,0,14,1,,N,0,0,,356700,177176,U,East of Lyndhurst Road,0,South West,ABBEY ROAD,0,2,28,2011
5/19/2011,0,0,UU,,,,0,0,23,"Bristol, City of",,E06000023,946767,0,15,2,,N,0,0,,356700,177176,U,East of Lyndhurst Road,0,South West,ABBEY ROAD,0,4,27,2011
5/19/2011,0,0,UU,,,,0,0,25,"Bristol, City of",,E06000023,946767,0,16,8,,N,0,0,,356700,177176,U,East of Lyndhurst Road,0,South West,ABBEY ROAD,0,0,25,2011
5/19/2011,0,0,UU,,,,0,0,32,"Bristol, City of",,E06000023,946767,0,17,2,,N,0,0,,356700,177176,U,East of Lyndhurst Road,0,South West,ABBEY ROAD,0,0,32,2011
5/19/2011,0,1,UU,,,,0,0,27,"Bristol, City of",,E06000023,946767,1,18,1,,N,0,0,,356700,177176,U,East of Lyndhurst Road,0,South West,ABBEY ROAD,0,0,28,2011
5/19/2011,0,0,UU,,,,0,0,13,"Bristol, City of",,E06000023,946767,1,7,1,,S,1,0,,356700,177176,U,East of Lyndhurst Road,0,South West,ABBEY ROAD,0,0,14,2011
5/19/2011,1,0,UU,,,,0,0,30,"Bristol, City of",,E06000023,946767,2,8,2,,S,1,0,,356700,177176,U,East of Lyndhurst Road,0,South West,ABBEY ROAD,0,2,34,2011
5/19/2011,0,0,UU,,,,0,0,19,"Bristol, City of",,E06000023,946767,1,9,1,,S,1,0,,356700,177176,U,East of Lyndhurst Road,0,South West,ABBEY ROAD,0,1,21,2011
5/19/2011,0,0,UU,,,,0,0,27,"Bristol, City of",,E06000023,946767,0,10,3,,S,0,0,,356700,177176,U,East of Lyndhurst Road,0,South West,ABBEY ROAD,0,0,27,2011
5/19/2011,0,0,UU,,,,0,0,29,"Bristol, City of",,E06000023,946767,0,11,1,,S,0,0,,356700,177176,U,East of Lyndhurst Road,0,South West,ABBEY ROAD,0,1,30,2011
5/19/2011,0,1,UU,,,,0,0,29,"Bristol, City of",,E06000023,946767,1,12,0,,S,0,0,,356700,177176,U,East of Lyndhurst Road,0,South West,ABBEY ROAD,0,4,34,2011
5/19/2011,2,0,UU,,,,0,0,20,"Bristol, City of",,E06000023,946767,2,13,1,,S,0,0,,356700,177176,U,East of Lyndhurst Road,0,South West,ABBEY ROAD,0,1,23,2011
5/19/2011,0,0,UU,,,,0,0,30,"Bristol, City of",,E06000023,946767,1,14,0,,S,1,0,,356700,177176,U,East of Lyndhurst Road,0,South West,ABBEY ROAD,0,1,32,2011
5/19/2011,0,0,UU,,,,0,0,21,"Bristol, City of",,E06000023,946767,1,15,2,,S,1,0,,356700,177176,U,East of Lyndhurst Road,0,South West,ABBEY ROAD,0,2,24,2011
5/19/2011,0,0,UU,,,,0,0,33,"Bristol, City of",,E06000023,946767,1,16,1,,S,1,0,,356700,177176,U,East of Lyndhurst Road,0,South West,ABBEY ROAD,0,1,35,2011
5/19/2011,0,0,UU,,,,2,0,34,"Bristol, City of",,E06000023,946767,0,17,2,,S,0,0,,356700,177176,U,East of Lyndhurst Road,0,South West,ABBEY ROAD,0,0,36,2011
5/19/2011,0,0,UU,,,,0,0,31,"Bristol, City of",,E06000023,946767,0,18,2,,S,0,0,,356700,177176,U,East of Lyndhurst Road,0,South West,ABBEY ROAD,0,0,31,2011
5/3/2011,0,0,CR,,,,0,0,42,North Somerset,,E06000024,947256,0,7,0,,N,0,0,,349597,167939,C,West of Backwell Hill Road,0,South West,Cheston Combe,0,4,46,2011
5/3/2011,0,0,CR,,,,0,0,81,North Somerset,,E06000024,947256,0,8,0,,N,0,0,,349597,167939,C,West of Backwell Hill Road,0,South West,Cheston Combe,0,10,91,2011
5/3/2011,0,0,CR,,,,0,0,39,North Somerset,,E06000024,947256,0,9,0,,N,0,1,,349597,167939,C,West of Backwell Hill Road,0,South West,Cheston Combe,0,7,47,2011
5/3/2011,0,0,CR,,,,0,0,33,North Somerset,,E06000024,947256,1,10,0,,N,1,0,,349597,167939,C,West of Backwell Hill Road,0,South West,Cheston Combe,0,6,40,2011
5/3/2011,0,0,CR,,,,0,0,19,North Somerset,,E06000024,947256,0,11,0,,N,0,0,,349597,167939,C,West of Backwell Hill Road,0,South West,Cheston Combe,0,7,26,2011
5/3/2011,0,0,CR,,,,0,0,30,North Somerset,,E06000024,947256,0,12,1,,N,0,0,,349597,167939,C,West of Backwell Hill Road,0,South West,Cheston Combe,0,5,35,2011
5/3/2011,0,0,CR,,,,1,0,35,North Somerset,,E06000024,947256,0,13,0,,N,0,0,,349597,167939,C,West of Backwell Hill Road,0,South West,Cheston Combe,0,2,38,2011
5/3/2011,0,0,CR,,,,0,0,30,North Somerset,,E06000024,947256,0,14,0,,N,0,0,,349597,167939,C,West of Backwell Hill Road,0,South West,Cheston Combe,0,2,32,2011
5/3/2011,0,0,CR,,,,0,0,34,North Somerset,,E06000024,947256,0,15,0,,N,0,2,,349597,167939,C,West of Backwell Hill Road,0,South West,Cheston Combe,0,4,40,2011
5/3/2011,0,0,CR,,,,0,0,49,North Somerset,,E06000024,947256,0,16,0,,N,0,1,,349597,167939,C,West of Backwell Hill Road,0,South West,Cheston Combe,0,3,53,2011
5/3/2011,0,0,CR,,,,2,0,64,North Somerset,,E06000024,947256,0,17,0,,N,0,0,,349597,167939,C,West of Backwell Hill Road,0,South West,Cheston Combe,0,8,74,2011
5/3/2011,0,0,CR,,,,0,0,51,North Somerset,,E06000024,947256,0,18,0,,N,0,0,,349597,167939,C,West of Backwell Hill Road,0,South West,Cheston Combe,0,3,54,2011
5/3/2011,0,0,CR,,,,0,0,35,North Somerset,,E06000024,947256,0,7,0,,S,0,1,,349597,167939,C,West of Backwell Hill Road,0,South West,Cheston Combe,0,1,37,2011
5/3/2011,0,0,CR,,,,0,0,35,North Somerset,,E06000024,947256,1,8,0,,S,1,0,,349597,167939,C,West of Backwell Hill Road,0,South West,Cheston Combe,0,6,42,2011
5/3/2011,0,0,CR,,,,0,0,29,North Somerset,,E06000024,947256,1,9,0,,S,1,0,,349597,167939,C,West of Backwell Hill Road,0,South West,Cheston Combe,0,9,39,2011
5/3/2011,0,0,CR,,,,0,0,31,North Somerset,,E06000024,947256,0,10,0,,S,0,0,,349597,167939,C,West of Backwell Hill Road,0,South West,Cheston Combe,0,1,32,2011
5/3/2011,0,0,CR,,,,0,0,28,North Somerset,,E06000024,947256,0,11,0,,S,0,0,,349597,167939,C,West of Backwell Hill Road,0,South West,Cheston Combe,0,7,35,2011
5/3/2011,0,0,CR,,,,0,0,25,North Somerset,,E06000024,947256,0,12,1,,S,0,0,,349597,167939,C,West of Backwell Hill Road,0,South West,Cheston Combe,0,3,28,2011
5/3/2011,0,0,CR,,,,1,0,23,North Somerset,,E06000024,947256,0,13,0,,S,0,0,,349597,167939,C,West of Backwell Hill Road,0,South West,Cheston Combe,0,6,30,2011
5/3/2011,0,0,CR,,,,0,0,24,North Somerset,,E06000024,947256,0,14,0,,S,0,1,,349597,167939,C,West of Backwell Hill Road,0,South West,Cheston Combe,0,6,31,2011
5/3/2011,0,0,CR,,,,0,0,28,North Somerset,,E06000024,947256,0,15,0,,S,0,1,,349597,167939,C,West of Backwell Hill Road,0,South West,Cheston Combe,0,1,30,2011
5/3/2011,0,0,CR,,,,0,0,32,North Somerset,,E06000024,947256,0,16,0,,S,0,1,,349597,167939,C,West of Backwell Hill Road,0,South West,Cheston Combe,0,6,39,2011
5/3/2011,0,0,CR,,,,1,0,44,North Somerset,,E06000024,947256,0,17,1,,S,0,0,,349597,167939,C,West of Backwell Hill Road,0,South West,Cheston Combe,0,5,50,2011
5/3/2011,0,0,CR,,,,1,0,36,North Somerset,,E06000024,947256,0,18,0,,S,0,0,,349597,167939,C,West of Backwell Hill Road,0,South West,Cheston Combe,0,4,41,2011
5/3/2011,0,0,UU,,,,0,0,10,North Somerset,,E06000024,947269,0,7,1,,N,0,0,,347231,162651,U,Wrington,0,South West,RICKYARD ROAD,0,0,10,2011
5/3/2011,0,0,UU,,,,0,0,22,North Somerset,,E06000024,947269,0,8,0,,N,0,0,,347231,162651,U,Wrington,0,South West,RICKYARD ROAD,0,2,24,2011
5/3/2011,0,0,UU,,,,0,0,11,North Somerset,,E06000024,947269,0,9,0,,N,0,0,,347231,162651,U,Wrington,0,South West,RICKYARD ROAD,0,2,13,2011
5/3/2011,0,0,UU,,,,0,0,7,North Somerset,,E06000024,947269,0,10,0,,N,0,0,,347231,162651,U,Wrington,0,South West,RICKYARD ROAD,0,2,9,2011
5/3/2011,0,0,UU,,,,0,0,7,North Somerset,,E06000024,947269,0,11,0,,N,0,0,,347231,162651,U,Wrington,0,South West,RICKYARD ROAD,0,4,11,2011
5/3/2011,0,0,UU,,,,0,0,8,North Somerset,,E06000024,947269,0,12,3,,N,0,0,,347231,162651,U,Wrington,0,South West,RICKYARD ROAD,0,1,9,2011
5/3/2011,0,0,UU,,,,0,0,13,North Somerset,,E06000024,947269,0,13,0,,N,0,0,,347231,162651,U,Wrington,0,South West,RICKYARD ROAD,0,4,17,2011
5/3/2011,0,0,UU,,,,0,0,5,North Somerset,,E06000024,947269,0,14,0,,N,0,0,,347231,162651,U,Wrington,0,South West,RICKYARD ROAD,0,1,6,2011
5/3/2011,0,0,UU,,,,0,0,21,North Somerset,,E06000024,947269,0,15,1,,N,0,0,,347231,162651,U,Wrington,0,South West,RICKYARD ROAD,0,2,23,2011
5/3/2011,0,0,UU,,,,0,0,24,North Somerset,,E06000024,947269,0,16,0,,N,0,0,,347231,162651,U,Wrington,0,South West,RICKYARD ROAD,0,2,26,2011
5/3/2011,0,0,UU,,,,1,0,25,North Somerset,,E06000024,947269,0,17,1,,N,0,0,,347231,162651,U,Wrington,0,South West,RICKYARD ROAD,0,3,29,2011
5/3/2011,0,0,UU,,,,1,0,11,North Somerset,,E06000024,947269,0,18,0,,N,0,0,,347231,162651,U,Wrington,0,South West,RICKYARD ROAD,0,0,12,2011
5/3/2011,0,0,UU,,,,0,0,14,North Somerset,,E06000024,947269,0,7,1,,S,0,0,,347231,162651,U,Wrington,0,South West,RICKYARD ROAD,0,1,15,2011
5/3/2011,0,0,UU,,,,1,0,36,North Somerset,,E06000024,947269,0,8,1,,S,0,0,,347231,162651,U,Wrington,0,South West,RICKYARD ROAD,0,2,39,2011
5/3/2011,0,0,UU,,,,0,0,23,North Somerset,,E06000024,947269,0,9,1,,S,0,0,,347231,162651,U,Wrington,0,South West,RICKYARD ROAD,0,2,25,2011
5/3/2011,0,0,UU,,,,0,0,9,North Somerset,,E06000024,947269,0,10,0,,S,0,0,,347231,162651,U,Wrington,0,South West,RICKYARD ROAD,0,3,12,2011
5/3/2011,0,0,UU,,,,0,0,9,North Somerset,,E06000024,947269,0,11,0,,S,0,0,,347231,162651,U,Wrington,0,South West,RICKYARD ROAD,0,3,12,2011
5/3/2011,0,0,UU,,,,0,0,2,North Somerset,,E06000024,947269,0,12,1,,S,0,0,,347231,162651,U,Wrington,0,South West,RICKYARD ROAD,0,1,3,2011
5/3/2011,0,0,UU,,,,0,0,12,North Somerset,,E06000024,947269,0,13,0,,S,0,0,,347231,162651,U,Wrington,0,South West,RICKYARD ROAD,0,5,17,2011
5/3/2011,0,0,UU,,,,0,0,6,North Somerset,,E06000024,947269,0,14,0,,S,0,0,,347231,162651,U,Wrington,0,South West,RICKYARD ROAD,0,1,7,2011
5/3/2011,0,0,UU,,,,1,0,21,North Somerset,,E06000024,947269,1,15,0,,S,1,0,,347231,162651,U,Wrington,0,South West,RICKYARD ROAD,0,6,29,2011
5/3/2011,0,0,UU,,,,0,0,11,North Somerset,,E06000024,947269,1,16,1,,S,1,0,,347231,162651,U,Wrington,0,South West,RICKYARD ROAD,0,3,15,2011
5/3/2011,0,0,UU,,,,0,0,24,North Somerset,,E06000024,947269,0,17,0,,S,0,0,,347231,162651,U,Wrington,0,South West,RICKYARD ROAD,0,5,29,2011
5/3/2011,0,0,UU,,,,1,0,16,North Somerset,,E06000024,947269,0,18,1,,S,0,0,,347231,162651,U,Wrington,0,South West,RICKYARD ROAD,0,0,17,2011
5/12/2011,38,19,TM,183775,364185,361812,39,32,3065,South Gloucestershire,179458,E06000025,56015,454,7,0,Junction 19 M4/M32,E,154,32,Junction 20/15 M4/M5,363100,181500,M4,,98,South West,,113,699,4289,2011
5/12/2011,17,28,TM,183775,364185,361812,37,13,2966,South Gloucestershire,179458,E06000025,56015,398,8,0,Junction 19 M4/M32,E,98,22,Junction 20/15 M4/M5,363100,181500,M4,,119,South West,,123,482,3905,2011
5/12/2011,22,37,TM,183775,364185,361812,18,33,3722,South Gloucestershire,179458,E06000025,56015,447,9,0,Junction 19 M4/M32,E,106,44,Junction 20/15 M4/M5,363100,181500,M4,,87,South West,,162,501,4732,2011
5/12/2011,23,24,TM,183775,364185,361812,15,22,2689,South Gloucestershire,179458,E06000025,56015,452,10,0,Junction 19 M4/M32,E,116,17,Junction 20/15 M4/M5,363100,181500,M4,,115,South West,,152,415,3588,2011
5/12/2011,21,33,TM,183775,364185,361812,12,31,2795,South Gloucestershire,179458,E06000025,56015,499,11,0,Junction 19 M4/M32,E,119,31,Junction 20/15 M4/M5,363100,181500,M4,,104,South West,,191,382,3719,2011
5/12/2011,25,24,TM,183775,364185,361812,26,22,3101,South Gloucestershire,179458,E06000025,56015,398,12,0,Junction 19 M4/M32,E,87,10,Junction 20/15 M4/M5,363100,181500,M4,,83,South West,,157,467,4002,2011
5/12/2011,29,18,TM,183775,364185,361812,29,42,3562,South Gloucestershire,179458,E06000025,56015,455,13,0,Junction 19 M4/M32,E,76,25,Junction 20/15 M4/M5,363100,181500,M4,,84,South West,,206,387,4458,2011
5/12/2011,25,36,TM,183775,364185,361812,34,20,3544,South Gloucestershire,179458,E06000025,56015,460,14,0,Junction 19 M4/M32,E,125,12,Junction 20/15 M4/M5,363100,181500,M4,,92,South West,,162,451,4501,2011
5/12/2011,18,28,TM,183775,364185,361812,36,40,3421,South Gloucestershire,179458,E06000025,56015,470,15,0,Junction 19 M4/M32,E,108,21,Junction 20/15 M4/M5,363100,181500,M4,,94,South West,,182,599,4547,2011
5/12/2011,16,22,TM,183775,364185,361812,39,5,4010,South Gloucestershire,179458,E06000025,56015,354,16,0,Junction 19 M4/M32,E,63,17,Junction 20/15 M4/M5,363100,181500,M4,,90,South West,,158,443,4863,2011
5/12/2011,11,15,TM,183775,364185,361812,49,9,4310,South Gloucestershire,179458,E06000025,56015,298,17,0,Junction 19 M4/M32,E,55,23,Junction 20/15 M4/M5,363100,181500,M4,,60,South West,,148,328,5008,2011
5/12/2011,6,25,TM,183775,364185,361812,41,1,3562,South Gloucestershire,179458,E06000025,56015,231,18,0,Junction 19 M4/M32,E,38,12,Junction 20/15 M4/M5,363100,181500,M4,,71,South West,,90,289,4135,2011
5/12/2011,39,19,TM,183775,364185,361812,24,25,3502,South Gloucestershire,179458,E06000025,56015,423,7,0,Junction 19 M4/M32,W,126,14,Junction 20/15 M4/M5,363100,181500,M4,,113,South West,,101,593,4556,2011
5/12/2011,28,12,TM,183775,364185,361812,20,19,3563,South Gloucestershire,179458,E06000025,56015,384,8,0,Junction 19 M4/M32,W,111,12,Junction 20/15 M4/M5,363100,181500,M4,,142,South West,,72,594,4573,2011
5/12/2011,30,10,TM,183775,364185,361812,13,29,2685,South Gloucestershire,179458,E06000025,56015,411,9,0,Junction 19 M4/M32,W,102,12,Junction 20/15 M4/M5,363100,181500,M4,,93,South West,,147,491,3612,2011
5/12/2011,26,30,TM,183775,364185,361812,9,27,2435,South Gloucestershire,179458,E06000025,56015,436,10,0,Junction 19 M4/M32,W,119,11,Junction 20/15 M4/M5,363100,181500,M4,,95,South West,,139,412,3303,2011
5/12/2011,20,36,TM,183775,364185,361812,9,21,2231,South Gloucestershire,179458,E06000025,56015,463,11,0,Junction 19 M4/M32,W,135,0,Junction 20/15 M4/M5,363100,181500,M4,,107,South West,,144,390,3093,2011
5/12/2011,42,8,TM,183775,364185,361812,7,18,2292,South Gloucestershire,179458,E06000025,56015,467,12,0,Junction 19 M4/M32,W,134,5,Junction 20/15 M4/M5,363100,181500,M4,,185,South West,,80,531,3302,2011
5/12/2011,31,17,TM,183775,364185,361812,34,29,2382,South Gloucestershire,179458,E06000025,56015,440,13,0,Junction 19 M4/M32,W,118,14,Junction 20/15 M4/M5,363100,181500,M4,,129,South West,,116,546,3416,2011
5/12/2011,38,26,TM,183775,364185,361812,21,22,2619,South Gloucestershire,179458,E06000025,56015,470,14,0,Junction 19 M4/M32,W,144,7,Junction 20/15 M4/M5,363100,181500,M4,,104,South West,,136,695,3812,2011
5/12/2011,13,39,TM,183775,364185,361812,17,25,3299,South Gloucestershire,179458,E06000025,56015,436,15,0,Junction 19 M4/M32,W,117,19,Junction 20/15 M4/M5,363100,181500,M4,,121,South West,,121,641,4412,2011
5/12/2011,21,7,TM,183775,364185,361812,35,17,4024,South Gloucestershire,179458,E06000025,56015,395,16,0,Junction 19 M4/M32,W,101,11,Junction 20/15 M4/M5,363100,181500,M4,,157,South West,,92,797,5262,2011
5/12/2011,6,23,TM,183775,364185,361812,60,4,4546,South Gloucestershire,179458,E06000025,56015,311,17,0,Junction 19 M4/M32,W,68,17,Junction 20/15 M4/M5,363100,181500,M4,,96,South West,,114,535,5469,2011
5/12/2011,5,17,TM,183775,364185,361812,42,4,3534,South Gloucestershire,179458,E06000025,56015,223,18,0,Junction 19 M4/M32,W,52,16,Junction 20/15 M4/M5,363100,181500,M4,,56,South West,,89,409,4224,2011
5/13/2011,3,0,PU,178200,364725,364700,6,2,266,South Gloucestershire,177204,E06000025,47724,12,7,15,Cleeve Hill,N,5,1,A4174,364720,178000,A4017,,1,South West,,1,77,362,2011
5/13/2011,1,0,PU,178200,364725,364700,9,0,408,South Gloucestershire,177204,E06000025,47724,8,8,9,Cleeve Hill,N,7,2,A4174,364720,178000,A4017,,0,South West,,0,74,501,2011
5/13/2011,0,0,PU,178200,364725,364700,6,0,336,South Gloucestershire,177204,E06000025,47724,15,9,1,Cleeve Hill,N,15,6,A4174,364720,178000,A4017,,0,South West,,0,67,430,2011
5/13/2011,0,1,PU,178200,364725,364700,5,2,307,South Gloucestershire,177204,E06000025,47724,11,10,0,Cleeve Hill,N,8,2,A4174,364720,178000,A4017,,0,South West,,0,58,383,2011
5/13/2011,2,0,PU,178200,364725,364700,3,0,397,South Gloucestershire,177204,E06000025,47724,6,11,3,Cleeve Hill,N,4,5,A4174,364720,178000,A4017,,0,South West,,0,78,489,2011
5/13/2011,0,0,PU,178200,364725,364700,13,0,464,South Gloucestershire,177204,E06000025,47724,4,12,11,Cleeve Hill,N,4,3,A4174,364720,178000,A4017,,0,South West,,0,85,569,2011
5/13/2011,2,0,PU,178200,364725,364700,9,2,521,South Gloucestershire,177204,E06000025,47724,10,13,9,Cleeve Hill,N,6,1,A4174,364720,178000,A4017,,0,South West,,0,80,621,2011
5/13/2011,2,0,PU,178200,364725,364700,9,2,537,South Gloucestershire,177204,E06000025,47724,15,14,7,Cleeve Hill,N,11,7,A4174,364720,178000,A4017,,0,South West,,0,84,652,2011
5/13/2011,0,0,PU,178200,364725,364700,14,0,638,South Gloucestershire,177204,E06000025,47724,8,15,13,Cleeve Hill,N,8,3,A4174,364720,178000,A4017,,0,South West,,0,124,787,2011
5/13/2011,0,0,PU,178200,364725,364700,19,0,758,South Gloucestershire,177204,E06000025,47724,5,16,17,Cleeve Hill,N,5,3,A4174,364720,178000,A4017,,0,South West,,0,122,907,2011
5/13/2011,0,0,PU,178200,364725,364700,21,0,875,South Gloucestershire,177204,E06000025,47724,1,17,18,Cleeve Hill,N,1,4,A4174,364720,178000,A4017,,0,South West,,0,94,995,2011
5/13/2011,0,0,PU,178200,364725,364700,11,0,615,South Gloucestershire,177204,E06000025,47724,3,18,26,Cleeve Hill,N,2,1,A4174,364720,178000,A4017,,0,South West,,1,68,698,2011
5/13/2011,1,0,PU,178200,364725,364700,16,2,412,South Gloucestershire,177204,E06000025,47724,5,7,40,Cleeve Hill,S,2,2,A4174,364720,178000,A4017,,0,South West,,0,84,519,2011
5/13/2011,2,0,PU,178200,364725,364700,21,0,495,South Gloucestershire,177204,E06000025,47724,10,8,37,Cleeve Hill,S,7,5,A4174,364720,178000,A4017,,0,South West,,1,75,606,2011
5/13/2011,1,1,PU,178200,364725,364700,3,0,467,South Gloucestershire,177204,E06000025,47724,14,9,8,Cleeve Hill,S,11,1,A4174,364720,178000,A4017,,1,South West,,0,58,543,2011
5/13/2011,1,0,PU,178200,364725,364700,3,0,389,South Gloucestershire,177204,E06000025,47724,14,10,3,Cleeve Hill,S,13,5,A4174,364720,178000,A4017,,0,South West,,0,73,484,2011
5/13/2011,0,1,PU,178200,364725,364700,7,0,354,South Gloucestershire,177204,E06000025,47724,14,11,4,Cleeve Hill,S,13,3,A4174,364720,178000,A4017,,0,South West,,0,92,470,2011
5/13/2011,2,0,PU,178200,364725,364700,6,2,469,South Gloucestershire,177204,E06000025,47724,23,12,6,Cleeve Hill,S,19,3,A4174,364720,178000,A4017,,0,South West,,0,66,567,2011
5/13/2011,1,1,PU,178200,364725,364700,4,0,349,South Gloucestershire,177204,E06000025,47724,18,13,0,Cleeve Hill,S,16,3,A4174,364720,178000,A4017,,0,South West,,0,73,447,2011
5/13/2011,9,1,PU,178200,364725,364700,5,0,454,South Gloucestershire,177204,E06000025,47724,19,14,0,Cleeve Hill,S,9,4,A4174,364720,178000,A4017,,0,South West,,0,86,568,2011
5/13/2011,1,0,PU,178200,364725,364700,3,1,449,South Gloucestershire,177204,E06000025,47724,9,15,4,Cleeve Hill,S,7,4,A4174,364720,178000,A4017,,0,South West,,0,69,534,2011
5/13/2011,0,0,PU,178200,364725,364700,7,0,495,South Gloucestershire,177204,E06000025,47724,2,16,9,Cleeve Hill,S,2,5,A4174,364720,178000,A4017,,0,South West,,0,85,594,2011
5/13/2011,0,0,PU,178200,364725,364700,6,0,418,South Gloucestershire,177204,E06000025,47724,4,17,12,Cleeve Hill,S,4,4,A4174,364720,178000,A4017,,0,South West,,0,70,502,2011
5/13/2011,0,0,PU,178200,364725,364700,1,0,404,South Gloucestershire,177204,E06000025,47724,2,18,6,Cleeve Hill,S,2,2,A4174,364720,178000,A4017,,0,South West,,0,34,443,2011
5/20/2011,1,2,PU,178150,360131,359900,10,0,421,South Gloucestershire,178978,E06000025,46407,8,7,21,A4174,N,5,7,LA Boundary,360000,178500,A38,,0,South West,,0,46,492,2011
5/20/2011,3,3,PU,178150,360131,359900,15,0,513,South Gloucestershire,178978,E06000025,46407,21,8,26,A4174,N,12,7,LA Boundary,360000,178500,A38,,2,South West,,1,83,639,2011
5/20/2011,0,2,PU,178150,360131,359900,6,1,514,South Gloucestershire,178978,E06000025,46407,12,9,7,A4174,N,9,5,LA Boundary,360000,178500,A38,,0,South West,,0,82,619,2011
5/20/2011,3,1,PU,178150,360131,359900,9,0,466,South Gloucestershire,178978,E06000025,46407,18,10,8,A4174,N,10,8,LA Boundary,360000,178500,A38,,1,South West,,3,77,578,2011
5/20/2011,2,1,PU,178150,360131,359900,12,1,505,South Gloucestershire,178978,E06000025,46407,15,11,10,A4174,N,9,9,LA Boundary,360000,178500,A38,,1,South West,,1,58,599,2011
5/20/2011,0,1,PU,178150,360131,359900,11,1,643,South Gloucestershire,178978,E06000025,46407,22,12,29,A4174,N,18,8,LA Boundary,360000,178500,A38,,1,South West,,1,59,743,2011
5/20/2011,1,0,PU,178150,360131,359900,14,2,645,South Gloucestershire,178978,E06000025,46407,10,13,35,A4174,N,4,8,LA Boundary,360000,178500,A38,,1,South West,,2,83,760,2011
5/20/2011,2,0,PU,178150,360131,359900,15,1,582,South Gloucestershire,178978,E06000025,46407,5,14,27,A4174,N,1,8,LA Boundary,360000,178500,A38,,0,South West,,1,80,690,2011
5/20/2011,1,2,PU,178150,360131,359900,23,1,672,South Gloucestershire,178978,E06000025,46407,7,15,49,A4174,N,2,8,LA Boundary,360000,178500,A38,,0,South West,,1,87,797,2011
5/20/2011,1,3,PU,178150,360131,359900,15,0,725,South Gloucestershire,178978,E06000025,46407,5,16,53,A4174,N,1,12,LA Boundary,360000,178500,A38,,0,South West,,0,55,812,2011
5/20/2011,0,0,PU,178150,360131,359900,13,0,841,South Gloucestershire,178978,E06000025,46407,4,17,80,A4174,N,3,9,LA Boundary,360000,178500,A38,,0,South West,,1,47,914,2011
5/20/2011,0,0,PU,178150,360131,359900,13,0,748,South Gloucestershire,178978,E06000025,46407,6,18,36,A4174,N,5,8,LA Boundary,360000,178500,A38,,0,South West,,1,35,810,2011
5/20/2011,1,2,PU,178150,360131,359900,21,1,509,South Gloucestershire,178978,E06000025,46407,11,7,112,A4174,S,7,8,LA Boundary,360000,178500,A38,,0,South West,,0,53,602,2011
5/20/2011,3,0,PU,178150,360131,359900,15,1,563,South Gloucestershire,178978,E06000025,46407,13,8,147,A4174,S,6,12,LA Boundary,360000,178500,A38,,0,South West,,3,40,643,2011
5/20/2011,2,0,PU,178150,360131,359900,37,0,428,South Gloucestershire,178978,E06000025,46407,10,9,22,A4174,S,8,11,LA Boundary,360000,178500,A38,,0,South West,,0,51,537,2011
5/20/2011,3,2,PU,178150,360131,359900,5,3,407,South Gloucestershire,178978,E06000025,46407,16,10,10,A4174,S,6,7,LA Boundary,360000,178500,A38,,1,South West,,1,78,513,2011
5/20/2011,2,0,PU,178150,360131,359900,6,2,390,South Gloucestershire,178978,E06000025,46407,17,11,14,A4174,S,10,11,LA Boundary,360000,178500,A38,,1,South West,,2,58,482,2011
5/20/2011,0,1,PU,178150,360131,359900,11,0,406,South Gloucestershire,178978,E06000025,46407,13,12,10,A4174,S,9,5,LA Boundary,360000,178500,A38,,0,South West,,3,60,495,2011
5/20/2011,2,1,PU,178150,360131,359900,7,1,451,South Gloucestershire,178978,E06000025,46407,13,13,10,A4174,S,7,10,LA Boundary,360000,178500,A38,,1,South West,,1,69,550,2011
5/20/2011,3,4,PU,178150,360131,359900,15,0,533,South Gloucestershire,178978,E06000025,46407,18,14,13,A4174,S,7,7,LA Boundary,360000,178500,A38,,2,South West,,2,69,642,2011
5/20/2011,0,3,PU,178150,360131,359900,13,0,572,South Gloucestershire,178978,E06000025,46407,13,15,13,A4174,S,8,10,LA Boundary,360000,178500,A38,,0,South West,,2,77,685,2011
5/20/2011,0,1,PU,178150,360131,359900,17,0,524,South Gloucestershire,178978,E06000025,46407,7,16,17,A4174,S,5,8,LA Boundary,360000,178500,A38,,0,South West,,1,83,639,2011
5/20/2011,0,0,PU,178150,360131,359900,16,0,512,South Gloucestershire,178978,E06000025,46407,2,17,40,A4174,S,2,8,LA Boundary,360000,178500,A38,,0,South West,,0,61,599,2011
5/20/2011,0,0,PU,178150,360131,359900,13,0,524,South Gloucestershire,178978,E06000025,46407,2,18,15,A4174,S,2,8,LA Boundary,360000,178500,A38,,0,South West,,0,33,580,2011
5/20/2011,5,2,BR,,,,6,1,220,South Gloucestershire,,E06000025,947492,28,7,6,,E,20,1,,367977,176130,B4465,east of Cattybrook Road,0,South West,Shortwood Hill,0,42,297,2011
5/20/2011,2,0,BR,,,,0,1,271,South Gloucestershire,,E06000025,947492,22,8,0,,E,16,1,,367977,176130,B4465,east of Cattybrook Road,1,South West,Shortwood Hill,2,26,320,2011
5/20/2011,2,1,BR,,,,0,0,182,South Gloucestershire,,E06000025,947492,20,9,0,,E,14,0,,367977,176130,B4465,east of Cattybrook Road,1,South West,Shortwood Hill,2,21,223,2011
5/20/2011,3,2,BR,,,,3,1,210,South Gloucestershire,,E06000025,947492,16,10,0,,E,10,0,,367977,176130,B4465,east of Cattybrook Road,0,South West,Shortwood Hill,0,33,262,2011
5/20/2011,0,0,BR,,,,1,0,160,South Gloucestershire,,E06000025,947492,13,11,0,,E,11,0,,367977,176130,B4465,east of Cattybrook Road,1,South West,Shortwood Hill,1,33,207,2011
5/20/2011,1,0,BR,,,,9,2,159,South Gloucestershire,,E06000025,947492,13,12,1,,E,9,0,,367977,176130,B4465,east of Cattybrook Road,1,South West,Shortwood Hill,0,25,206,2011
5/20/2011,2,2,BR,,,,1,1,168,South Gloucestershire,,E06000025,947492,17,13,1,,E,8,0,,367977,176130,B4465,east of Cattybrook Road,1,South West,Shortwood Hill,3,24,210,2011
5/20/2011,1,0,BR,,,,1,1,199,South Gloucestershire,,E06000025,947492,15,14,0,,E,12,0,,367977,176130,B4465,east of Cattybrook Road,1,South West,Shortwood Hill,0,30,245,2011
5/20/2011,2,2,BR,,,,2,0,238,South Gloucestershire,,E06000025,947492,12,15,0,,E,7,1,,367977,176130,B4465,east of Cattybrook Road,0,South West,Shortwood Hill,1,35,288,2011
5/20/2011,0,0,BR,,,,5,0,272,South Gloucestershire,,E06000025,947492,28,16,0,,E,7,1,,367977,176130,B4465,east of Cattybrook Road,0,South West,Shortwood Hill,21,49,355,2011
5/20/2011,0,1,BR,,,,4,0,313,South Gloucestershire,,E06000025,947492,27,17,0,,E,5,0,,367977,176130,B4465,east of Cattybrook Road,0,South West,Shortwood Hill,21,22,366,2011
5/20/2011,0,1,BR,,,,2,0,186,South Gloucestershire,,E06000025,947492,4,18,1,,E,3,1,,367977,176130,B4465,east of Cattybrook Road,0,South West,Shortwood Hill,0,19,212,2011
5/20/2011,4,0,BR,,,,6,0,258,South Gloucestershire,,E06000025,947492,10,7,0,,W,3,1,,367977,176130,B4465,east of Cattybrook Road,3,South West,Shortwood Hill,0,52,327,2011
5/20/2011,2,2,BR,,,,3,0,254,South Gloucestershire,,E06000025,947492,15,8,0,,W,10,3,,367977,176130,B4465,east of Cattybrook Road,1,South West,Shortwood Hill,0,39,314,2011
5/20/2011,3,0,BR,,,,0,0,170,South Gloucestershire,,E06000025,947492,22,9,3,,W,16,2,,367977,176130,B4465,east of Cattybrook Road,3,South West,Shortwood Hill,0,26,220,2011
5/20/2011,1,0,BR,,,,3,1,188,South Gloucestershire,,E06000025,947492,20,10,0,,W,17,0,,367977,176130,B4465,east of Cattybrook Road,0,South West,Shortwood Hill,1,32,243,2011
5/20/2011,0,0,BR,,,,10,0,231,South Gloucestershire,,E06000025,947492,23,11,1,,W,21,1,,367977,176130,B4465,east of Cattybrook Road,1,South West,Shortwood Hill,1,23,288,2011
5/20/2011,3,1,BR,,,,8,3,254,South Gloucestershire,,E06000025,947492,25,12,0,,W,17,1,,367977,176130,B4465,east of Cattybrook Road,0,South West,Shortwood Hill,1,36,324,2011
5/20/2011,3,0,BR,,,,1,0,210,South Gloucestershire,,E06000025,947492,19,13,0,,W,14,0,,367977,176130,B4465,east of Cattybrook Road,2,South West,Shortwood Hill,0,22,252,2011
5/20/2011,3,4,BR,,,,2,2,226,South Gloucestershire,,E06000025,947492,26,14,1,,W,14,0,,367977,176130,B4465,east of Cattybrook Road,2,South West,Shortwood Hill,1,26,280,2011
5/20/2011,0,0,BR,,,,4,2,238,South Gloucestershire,,E06000025,947492,14,15,2,,W,6,1,,367977,176130,B4465,east of Cattybrook Road,3,South West,Shortwood Hill,3,41,298,2011
5/20/2011,2,0,BR,,,,4,2,301,South Gloucestershire,,E06000025,947492,19,16,5,,W,12,1,,367977,176130,B4465,east of Cattybrook Road,3,South West,Shortwood Hill,0,39,364,2011
5/20/2011,3,0,BR,,,,5,1,288,South Gloucestershire,,E06000025,947492,24,17,0,,W,19,0,,367977,176130,B4465,east of Cattybrook Road,0,South West,Shortwood Hill,1,33,350,2011
5/20/2011,0,0,BR,,,,3,1,215,South Gloucestershire,,E06000025,947492,5,18,2,,W,2,0,,367977,176130,B4465,east of Cattybrook Road,1,South West,Shortwood Hill,1,26,249,2011
5/5/2011,2,1,PR,160780,373350,371980,13,1,906,Bath and North East Somerset,161640,E06000022,16957,17,7,10,Sulis Manor Rd roundabout,N,12,11,B3115,372050,160820,A367,,1,South West,,0,165,1112,2011
5/5/2011,2,2,PR,160780,373350,371980,30,1,707,Bath and North East Somerset,161640,E06000022,16957,19,8,9,Sulis Manor Rd roundabout,N,9,11,B3115,372050,160820,A367,,4,South West,,1,129,896,2011
5/5/2011,2,0,PR,160780,373350,371980,8,2,690,Bath and North East Somerset,161640,E06000022,16957,35,9,1,Sulis Manor Rd roundabout,N,27,8,B3115,372050,160820,A367,,3,South West,,1,63,804,2011
5/5/2011,5,0,PR,160780,373350,371980,4,2,466,Bath and North East Somerset,161640,E06000022,16957,28,10,0,Sulis Manor Rd roundabout,N,17,4,B3115,372050,160820,A367,,1,South West,,3,85,587,2011
5/5/2011,2,2,PR,160780,373350,371980,6,2,399,Bath and North East Somerset,161640,E06000022,16957,24,11,1,Sulis Manor Rd roundabout,N,15,5,B3115,372050,160820,A367,,0,South West,,3,81,515,2011
5/5/2011,6,0,PR,160780,373350,371980,8,4,443,Bath and North East Somerset,161640,E06000022,16957,23,12,0,Sulis Manor Rd roundabout,N,10,8,B3115,372050,160820,A367,,2,South West,,1,62,544,2011
5/5/2011,2,1,PR,160780,373350,371980,12,1,445,Bath and North East Somerset,161640,E06000022,16957,21,13,2,Sulis Manor Rd roundabout,N,13,16,B3115,372050,160820,A367,,3,South West,,1,55,549,2011
5/5/2011,4,0,PR,160780,373350,371980,7,2,334,Bath and North East Somerset,161640,E06000022,16957,20,14,0,Sulis Manor Rd roundabout,N,12,15,B3115,372050,160820,A367,,1,South West,,1,48,424,2011
5/5/2011,1,0,PR,160780,373350,371980,4,0,420,Bath and North East Somerset,161640,E06000022,16957,24,15,0,Sulis Manor Rd roundabout,N,15,11,B3115,372050,160820,A367,,8,South West,,0,62,521,2011
5/5/2011,0,1,PR,160780,373350,371980,4,0,446,Bath and North East Somerset,161640,E06000022,16957,8,16,1,Sulis Manor Rd roundabout,N,4,9,B3115,372050,160820,A367,,2,South West,,1,74,541,2011
5/5/2011,0,0,PR,160780,373350,371980,13,0,490,Bath and North East Somerset,161640,E06000022,16957,2,17,1,Sulis Manor Rd roundabout,N,1,7,B3115,372050,160820,A367,,0,South West,,1,67,579,2011
5/5/2011,1,1,PR,160780,373350,371980,2,1,755,Bath and North East Somerset,161640,E06000022,16957,7,18,5,Sulis Manor Rd roundabout,N,1,14,B3115,372050,160820,A367,,1,South West,,2,58,836,2011
5/5/2011,0,0,PR,160780,373350,371980,2,0,355,Bath and North East Somerset,161640,E06000022,16957,16,7,1,Sulis Manor Rd roundabout,S,14,9,B3115,372050,160820,A367,,0,South West,,2,61,443,2011
5/5/2011,2,1,PR,160780,373350,371980,4,2,401,Bath and North East Somerset,161640,E06000022,16957,22,8,1,Sulis Manor Rd roundabout,S,14,14,B3115,372050,160820,A367,,3,South West,,0,49,490,2011
5/5/2011,4,0,PR,160780,373350,371980,1,2,325,Bath and North East Somerset,161640,E06000022,16957,38,9,0,Sulis Manor Rd roundabout,S,26,23,B3115,372050,160820,A367,,3,South West,,3,74,461,2011
5/5/2011,3,0,PR,160780,373350,371980,1,2,310,Bath and North East Somerset,161640,E06000022,16957,20,10,1,Sulis Manor Rd roundabout,S,12,8,B3115,372050,160820,A367,,2,South West,,1,77,416,2011
5/5/2011,6,0,PR,160780,373350,371980,3,2,350,Bath and North East Somerset,161640,E06000022,16957,33,11,2,Sulis Manor Rd roundabout,S,19,9,B3115,372050,160820,A367,,6,South West,,0,60,455,2011
5/5/2011,2,0,PR,160780,373350,371980,5,1,407,Bath and North East Somerset,161640,E06000022,16957,20,12,2,Sulis Manor Rd roundabout,S,13,4,B3115,372050,160820,A367,,4,South West,,0,55,491,2011
5/5/2011,2,0,PR,160780,373350,371980,1,0,455,Bath and North East Somerset,161640,E06000022,16957,17,13,2,Sulis Manor Rd roundabout,S,13,5,B3115,372050,160820,A367,,1,South West,,1,81,559,2011
5/5/2011,1,0,PR,160780,373350,371980,10,4,563,Bath and North East Somerset,161640,E06000022,16957,21,14,0,Sulis Manor Rd roundabout,S,12,8,B3115,372050,160820,A367,,4,South West,,0,89,691,2011
5/5/2011,1,0,PR,160780,373350,371980,17,1,636,Bath and North East Somerset,161640,E06000022,16957,15,15,3,Sulis Manor Rd roundabout,S,11,24,B3115,372050,160820,A367,,1,South West,,1,90,782,2011
5/5/2011,1,0,PR,160780,373350,371980,30,2,781,Bath and North East Somerset,161640,E06000022,16957,14,16,1,Sulis Manor Rd roundabout,S,9,12,B3115,372050,160820,A367,,1,South West,,1,127,964,2011
5/5/2011,0,0,PR,160780,373350,371980,19,0,921,Bath and North East Somerset,161640,E06000022,16957,10,17,18,Sulis Manor Rd roundabout,S,9,8,B3115,372050,160820,A367,,1,South West,,0,86,1044,2011
5/5/2011,0,1,PR,160780,373350,371980,11,0,486,Bath and North East Somerset,161640,E06000022,16957,6,18,1,Sulis Manor Rd roundabout,S,3,4,B3115,372050,160820,A367,,2,South West,,0,39,546,2011
5/4/2011,0,0,UU,,,,0,0,5,North Somerset,,E06000024,947274,0,7,2,,E,0,0,,336428,163167,U,"East of Becket Road, W-s-M",0,South West,CABOT WAY,0,0,5,2011
5/4/2011,0,0,UU,,,,0,0,4,North Somerset,,E06000024,947274,1,8,13,,E,1,0,,336428,163167,U,"East of Becket Road, W-s-M",0,South West,CABOT WAY,0,4,9,2011
5/4/2011,0,0,UU,,,,1,0,13,North Somerset,,E06000024,947274,0,9,2,,E,0,0,,336428,163167,U,"East of Becket Road, W-s-M",0,South West,CABOT WAY,0,1,15,2011
5/4/2011,0,0,UU,,,,1,0,11,North Somerset,,E06000024,947274,0,10,0,,E,0,0,,336428,163167,U,"East of Becket Road, W-s-M",0,South West,CABOT WAY,0,4,16,2011
5/4/2011,0,0,UU,,,,0,0,12,North Somerset,,E06000024,947274,0,11,0,,E,0,0,,336428,163167,U,"East of Becket Road, W-s-M",0,South West,CABOT WAY,0,1,13,2011
5/4/2011,0,0,UU,,,,0,0,12,North Somerset,,E06000024,947274,1,12,0,,E,1,0,,336428,163167,U,"East of Becket Road, W-s-M",0,South West,CABOT WAY,0,6,19,2011
5/4/2011,0,0,UU,,,,0,0,9,North Somerset,,E06000024,947274,0,13,0,,E,0,0,,336428,163167,U,"East of Becket Road, W-s-M",0,South West,CABOT WAY,0,4,13,2011
5/4/2011,0,0,UU,,,,0,0,12,North Somerset,,E06000024,947274,0,14,1,,E,0,0,,336428,163167,U,"East of Becket Road, W-s-M",0,South West,CABOT WAY,0,1,13,2011
5/4/2011,0,0,UU,,,,0,0,18,North Somerset,,E06000024,947274,0,15,1,,E,0,0,,336428,163167,U,"East of Becket Road, W-s-M",0,South West,CABOT WAY,0,3,21,2011
5/4/2011,0,0,UU,,,,1,0,23,North Somerset,,E06000024,947274,0,16,2,,E,0,0,,336428,163167,U,"East of Becket Road, W-s-M",0,South West,CABOT WAY,0,5,29,2011
5/4/2011,0,0,UU,,,,1,0,16,North Somerset,,E06000024,947274,0,17,2,,E,0,0,,336428,163167,U,"East of Becket Road, W-s-M",0,South West,CABOT WAY,0,0,17,2011
5/4/2011,0,0,UU,,,,1,0,14,North Somerset,,E06000024,947274,0,18,1,,E,0,0,,336428,163167,U,"East of Becket Road, W-s-M",0,South West,CABOT WAY,0,3,18,2011
5/4/2011,0,0,UU,,,,0,0,5,North Somerset,,E06000024,947274,1,7,1,,W,1,0,,336428,163167,U,"East of Becket Road, W-s-M",0,South West,CABOT WAY,0,4,10,2011
5/4/2011,0,0,UU,,,,1,0,19,North Somerset,,E06000024,947274,1,8,0,,W,1,0,,336428,163167,U,"East of Becket Road, W-s-M",0,South West,CABOT WAY,0,1,22,2011
5/4/2011,0,0,UU,,,,1,0,16,North Somerset,,E06000024,947274,0,9,2,,W,0,0,,336428,163167,U,"East of Becket Road, W-s-M",0,South West,CABOT WAY,0,2,19,2011
5/4/2011,0,0,UU,,,,0,0,14,North Somerset,,E06000024,947274,0,10,0,,W,0,0,,336428,163167,U,"East of Becket Road, W-s-M",0,South West,CABOT WAY,0,3,17,2011
5/4/2011,0,0,UU,,,,0,0,18,North Somerset,,E06000024,947274,0,11,0,,W,0,0,,336428,163167,U,"East of Becket Road, W-s-M",0,South West,CABOT WAY,0,0,18,2011
5/4/2011,0,0,UU,,,,0,0,9,North Somerset,,E06000024,947274,1,12,1,,W,1,0,,336428,163167,U,"East of Becket Road, W-s-M",0,South West,CABOT WAY,0,6,16,2011
5/4/2011,0,0,UU,,,,0,0,11,North Somerset,,E06000024,947274,0,13,2,,W,0,0,,336428,163167,U,"East of Becket Road, W-s-M",0,South West,CABOT WAY,0,4,15,2011
5/4/2011,0,0,UU,,,,0,0,6,North Somerset,,E06000024,947274,0,14,1,,W,0,0,,336428,163167,U,"East of Becket Road, W-s-M",0,South West,CABOT WAY,0,1,7,2011
5/4/2011,0,0,UU,,,,0,0,14,North Somerset,,E06000024,947274,0,15,9,,W,0,0,,336428,163167,U,"East of Becket Road, W-s-M",0,South West,CABOT WAY,0,1,15,2011
5/4/2011,0,0,UU,,,,1,0,13,North Somerset,,E06000024,947274,0,16,3,,W,0,0,,336428,163167,U,"East of Becket Road, W-s-M",0,South West,CABOT WAY,0,9,23,2011
5/4/2011,0,0,UU,,,,0,0,16,North Somerset,,E06000024,947274,0,17,2,,W,0,0,,336428,163167,U,"East of Becket Road, W-s-M",0,South West,CABOT WAY,0,4,20,2011
5/4/2011,0,0,UU,,,,1,0,11,North Somerset,,E06000024,947274,0,18,1,,W,0,0,,336428,163167,U,"East of Becket Road, W-s-M",0,South West,CABOT WAY,0,1,13,2011
5/4/2011,0,0,UU,,,,1,0,30,South Gloucestershire,,E06000025,947536,0,7,0,,E,0,0,,371394,182249,U,,0,South West,STANSHAWE CRESCENT,0,10,41,2011
5/4/2011,0,0,UU,,,,2,1,35,South Gloucestershire,,E06000025,947536,2,8,1,,E,1,0,,371394,182249,U,,0,South West,STANSHAWE CRESCENT,0,8,47,2011
5/4/2011,0,0,UU,,,,0,0,32,South Gloucestershire,,E06000025,947536,0,9,0,,E,0,0,,371394,182249,U,,0,South West,STANSHAWE CRESCENT,0,4,36,2011
5/4/2011,0,0,UU,,,,0,2,20,South Gloucestershire,,E06000025,947536,2,10,1,,E,0,0,,371394,182249,U,,0,South West,STANSHAWE CRESCENT,0,8,30,2011
5/4/2011,0,0,UU,,,,1,0,21,South Gloucestershire,,E06000025,947536,0,11,0,,E,0,0,,371394,182249,U,,0,South West,STANSHAWE CRESCENT,0,2,24,2011
5/4/2011,0,0,UU,,,,0,0,20,South Gloucestershire,,E06000025,947536,0,12,2,,E,0,0,,371394,182249,U,,0,South West,STANSHAWE CRESCENT,0,1,21,2011
5/4/2011,0,0,UU,,,,0,0,23,South Gloucestershire,,E06000025,947536,0,13,0,,E,0,0,,371394,182249,U,,0,South West,STANSHAWE CRESCENT,0,1,24,2011
5/4/2011,1,0,UU,,,,0,0,30,South Gloucestershire,,E06000025,947536,1,14,0,,E,0,0,,371394,182249,U,,0,South West,STANSHAWE CRESCENT,0,4,35,2011
5/4/2011,1,0,UU,,,,0,1,25,South Gloucestershire,,E06000025,947536,3,15,0,,E,1,0,,371394,182249,U,,0,South West,STANSHAWE CRESCENT,0,5,33,2011
5/4/2011,1,0,UU,,,,1,0,33,South Gloucestershire,,E06000025,947536,1,16,0,,E,0,0,,371394,182249,U,,0,South West,STANSHAWE CRESCENT,0,6,41,2011
5/4/2011,2,0,UU,,,,0,0,22,South Gloucestershire,,E06000025,947536,2,17,2,,E,0,0,,371394,182249,U,,0,South West,STANSHAWE CRESCENT,0,1,25,2011
5/4/2011,0,0,UU,,,,0,0,31,South Gloucestershire,,E06000025,947536,0,18,0,,E,0,0,,371394,182249,U,,0,South West,STANSHAWE CRESCENT,0,5,36,2011
5/4/2011,0,0,UU,,,,0,0,6,South Gloucestershire,,E06000025,947536,0,7,0,,W,0,0,,371394,182249,U,,0,South West,STANSHAWE CRESCENT,0,1,7,2011
5/4/2011,0,0,UU,,,,0,0,18,South Gloucestershire,,E06000025,947536,0,8,0,,W,0,0,,371394,182249,U,,0,South West,STANSHAWE CRESCENT,0,14,32,2011
5/4/2011,0,0,UU,,,,0,0,24,South Gloucestershire,,E06000025,947536,2,9,0,,W,2,0,,371394,182249,U,,0,South West,STANSHAWE CRESCENT,0,4,30,2011
5/4/2011,0,0,UU,,,,0,0,13,South Gloucestershire,,E06000025,947536,0,10,0,,W,0,1,,371394,182249,U,,0,South West,STANSHAWE CRESCENT,0,2,16,2011
5/4/2011,0,0,UU,,,,0,0,21,South Gloucestershire,,E06000025,947536,0,11,0,,W,0,0,,371394,182249,U,,0,South West,STANSHAWE CRESCENT,0,3,24,2011
5/4/2011,0,0,UU,,,,0,0,24,South Gloucestershire,,E06000025,947536,1,12,0,,W,1,0,,371394,182249,U,,0,South West,STANSHAWE CRESCENT,0,4,29,2011
5/4/2011,0,0,UU,,,,0,0,28,South Gloucestershire,,E06000025,947536,1,13,1,,W,1,0,,371394,182249,U,,0,South West,STANSHAWE CRESCENT,0,2,31,2011
5/4/2011,0,0,UU,,,,2,0,31,South Gloucestershire,,E06000025,947536,0,14,0,,W,0,0,,371394,182249,U,,0,South West,STANSHAWE CRESCENT,0,3,36,2011
5/4/2011,0,0,UU,,,,1,0,31,South Gloucestershire,,E06000025,947536,2,15,1,,W,2,0,,371394,182249,U,,0,South West,STANSHAWE CRESCENT,0,3,37,2011
5/4/2011,0,0,UU,,,,0,0,42,South Gloucestershire,,E06000025,947536,0,16,2,,W,0,1,,371394,182249,U,,0,South West,STANSHAWE CRESCENT,0,6,49,2011
5/4/2011,0,0,UU,,,,2,0,40,South Gloucestershire,,E06000025,947536,0,17,1,,W,0,0,,371394,182249,U,,0,South West,STANSHAWE CRESCENT,0,7,49,2011
5/4/2011,0,0,UU,,,,1,0,36,South Gloucestershire,,E06000025,947536,0,18,0,,W,0,0,,371394,182249,U,,0,South West,STANSHAWE CRESCENT,0,1,38,2011
